126,20,20,27,3,75,71,102,109,17,88,49,45,68,6,79,137,59,151,106,88,131,76,102,46,26,134,50,61,70,69,145,61,47,136,20,152,13,66,21,114,14,130,117,33,42,20,162,17,3,130,21,49,150,133,41,141,129,44,42,114,46,25,145,29,145,75,14,88,2,63,123,138,69,80,42,46,119,92,76,71,22,46,122,114,95,99,163,10,45,87,158,33,56,40,88,17,90,116,140
39,138,29,74,121,53,156,95,71,42,74,71,129,17,72,19,131,127,4,162,73,95,161,140,82,45,103,90,139,148,72,66,96,150,115,132,61,67,136,154,127,142,92,31,65,51,18,140,118,147,51,143,119,138,121,9,115,6,100,58,102,100,154,125,85,56,94,140,27,119,21,17,115,137,111,159,29,155,101,117,45,30,104,30,41,93,17,4,31,98,27,20,23,18,87,76,1,116,110,147
94,22,75,116,122,4,24,74,108,140,105,159,77,130,36,143,45,56,142,121,92,64,89,40,156,16,2,23,147,58,90,106,85,71,75,134,146,76,103,37,17,80,133,73,28,163,108,154,20,123,151,44,3,67,87,12,99,4,18,161,153,164,164,95,18,99,73,116,43,67,44,86,157,117,93,85,55,32,49,88,116,73,157,77,111,126,66,38,157,49,84,118,90,143,100,114,89,87,60,148
16,74,132,94,60,72,58,22,125,97,33,96,53,9,126,102,89,65,123,75,138,143,84,114,120,20,128,68,54,16,136,125,34,93,17,146,109,73,26,34,97,102,98,18,86,122,152,142,82,146,31,157,47,63,162,59,127,58,145,79,160,90,114,136,6,42,108,127,45,42,90,32,109,128,81,135,99,52,84,103,152,108,67,133,164,124,77,152,130,133,117,136,15,4,136,115,152,153,88,7
128,27,158,98,51,93,153,65,48,88,58,66,109,66,43,69,125,19,49,100,161,117,15,89,87,113,74,151,164,12,157,88,58,149,40,69,127,81,47,135,146,7,25,22,146,40,3,102,101,79,102,122,76,89,71,164,123,117,73,6,104,59,127,72,57,57,28,157,18,111,100,98,45,8,70,123,16,124,43,52,112,89,118,75,51,150,153,161,43,139,123,61,56,32,123,21,34,68,149,67
114,8,161,151,149,20,27,108,141,139,3,4,18,78,39,41,127,84,149,101,119,113,126,28,34,138,92,150,95,65,133,103,89,135,123,6,14,83,3,99,148,90,21,138,118,60,27,3,154,33,144,127,58,31,150,42,27,102,156,160,20,134,147,38,8,13,16,124,145,19,158,50,35,95,123,5,45,19,109,100,86,151,43,84,103,97,152,113,99,3,52,85,123,66,117,73,120,146,128,53
130,133,42,107,87,101,164,34,73,92,146,143,36,129,1,27,100,106,8,114,22,100,158,128,105,122,21,66,28,140,74,129,1,25,69,26,101,3,116,121,62,125,60,97,45,67,72,157,100,89,9,37,105,62,8,81,37,15,31,36,119,25,76,6,17,140,18,76,115,52,12,18,29,25,106,117,117,72,70,4,67,152,34,24,158,7,50,94,98,44,83,111,40,8,130,97,22,51,100,103
28,34,10,110,134,10,114,158,144,119,66,79,6,134,74,133,126,90,154,103,121,73,150,145,119,29,151,52,67,74,164,158,8,92,29,96,149,107,101,116,42,109,76,95,13,141,60,50,65,10,129,113,164,95,74,19,8,18,116,150,91,53,102,15,95,117,72,125,100,150,59,59,134,132,27,73,32,70,19,34,88,130,99,105,71,22,140,37,113,148,157,53,75,132,59,19,72,12,141,135
4,154,138,32,109,140,87,50,124,80,79,146,123,74,75,64,36,131,6,2,163,136,144,133,30,154,108,113,101,53,49,113,54,110,78,67,33,37,27,61,48,88,146,56,59,132,104,105,75,26,123,145,69,22,52,64,108,106,14,47,42,57,67,151,23,111,58,149,153,97,38,95,90,27,31,143,61,61,128,72,41,67,16,43,127,38,138,20,90,47,30,122,36,135,146,43,46,6,140,106
120,139,50,76,68,18,134,142,147,3,43,158,85,42,7,30,133,113,148,49,36,145,109,122,101,27,61,101,64,72,131,8,133,131,137,133,141,84,118,43,73,36,97,137,120,57,6,72,42,77,97,1,131,119,24,150,109,138,52,138,67,87,141,25,94,112,118,135,82,43,103,55,10,30,63,111,48,9,146,5,124,62,96,95,13,74,67,41,127,17,142,146,20,117,31,82,126,128,40,6
7,2,66,77,127,103,31,104,117,163,140,127,69,43,47,59,69,64,23,87,146,151,112,82,160,81,26,112,82,102,128,104,70,34,89,83,36,113,157,87,27,100,62,135,105,66,66,152,80,16,142,119,17,40,31,2,71,162,45,124,52,133,89,154,52,118,139,62,77,145,60,46,148,42,68,45,34,46,119,110,44,110,18,13,132,136,97,2,119,129,98,140,18,9,34,47,114,65,162,116
109,41,32,92,99,45,94,97,79,38,143,15,105,91,146,80,145,20,124,56,1,116,85,117,107,117,129,64,122,36,103,51,15,41,82,42,133,140,35,29,154,60,128,80,139,61,36,145,134,164,8,106,40,10,118,15,110,144,82,4,65,2,115,73,67,91,127,129,32,10,67,144,69,144,15,71,26,62,142,78,62,20,56,145,16,133,40,125,59,116,23,88,131,29,152,163,19,20,131,134
46,30,23,26,95,27,13,25,31,68,57,126,59,110,85,140,158,129,138,10,116,152,133,134,6,32,35,103,96,62,12,161,122,38,126,30,74,159,104,119,159,57,16,114,101,82,21,158,95,136,46,93,77,154,95,149,152,107,29,14,61,162,17,88,89,155,54,122,13,117,56,128,106,23,110,153,126,150,56,75,87,149,12,131,64,162,76,48,140,109,136,13,119,83,13,54,63,37,152,66
137,70,69,117,38,131,128,125,59,128,53,29,38,12,14,52,129,27,32,26,150,41,119,153,133,69,97,59,72,142,95,114,87,5,140,99,26,101,132,57,156,62,111,118,89,88,118,36,115,81,50,40,153,160,33,67,50,59,158,3,12,86,6,64,152,1,9,163,135,143,75,143,27,139,130,87,96,113,48,35,31,83,49,8,156,64,30,52,104,35,75,161,159,5,85,67,66,61,36,14
32,161,109,53,103,6,112,141,36,28,27,141,111,69,134,142,152,45,1,69,76,123,159,159,10,139,53,79,156,61,98,151,95,69,46,84,4,116,89,123,65,13,137,152,99,31,71,25,15,106,12,17,158,9,63,124,21,133,84,63,131,7,131,43,5,127,116,37,63,136,136,99,86,151,3,89,150,41,86,153,138,57,109,31,1,58,163,97,21,161,2,67,42,80,77,104,107,2,143,115
69,35,46,137,73,23,81,51,55,19,85,17,103,147,106,84,104,119,18,39,159,114,52,52,1,145,49,109,56,20,152,10,29,54,86,55,76,63,79,133,4,103,56,84,136,62,155,110,157,112,5,27,52,92,62,46,119,76,41,39,164,12,63,76,99,104,48,108,23,114,55,146,20,136,137,22,20,127,31,99,47,64,141,5,105,49,107,62,141,155,116,54,71,120,141,124,26,63,147,98
131,156,155,44,83,15,120,162,127,47,38,76,29,53,3,14,48,126,45,157,77,118,29,37,72,58,164,144,150,8,129,94,14,146,37,47,135,65,60,134,59,144,33,145,8,43,87,159,22,24,134,108,1,55,164,104,101,62,104,115,129,89,156,78,61,152,129,45,64,144,37,45,5,73,108,30,4,157,9,139,1,59,66,157,40,2,23,91,148,61,118,121,32,19,48,139,123,57,37,136
3,7,148,34,65,118,57,105,107,62,138,14,23,33,35,86,42,143,64,16,84,63,33,100,48,110,37,6,5,120,13,42,100,2,131,62,30,110,42,49,162,134,41,143,42,115,73,135,139,156,21,144,89,11,101,33,92,54,71,78,77,102,27,115,121,128,124,147,59,16,20,43,116,20,134,9,8,43,5,36,137,84,117,26,95,65,84,56,138,69,129,144,34,119,153,78,87,160,155,2
101,38,127,21,157,124,74,103,123,96,73,7,93,38,45,94,140,120,11,70,111,60,3,51,81,96,25,39,9,146,142,41,66,74,161,11,57,147,162,75,132,3,35,43,40,99,128,28,68,60,79,101,62,12,158,36,88,44,127,97,55,41,135,13,79,129,92,80,159,35,106,52,111,127,138,91,144,17,73,157,149,9,133,163,8,159,105,12,92,111,164,154,65,62,84,109,155,19,160,11
113,50,97,25,29,16,127,124,53,146,56,120,4,140,58,119,37,91,100,34,78,71,34,84,112,84,104,92,35,111,108,69,143,49,22,77,138,131,92,70,61,37,112,16,112,139,148,44,38,31,39,57,32,65,7,44,94,153,159,29,130,19,4,155,143,54,12,90,7,138,162,127,126,77,48,70,136,66,44,24,39,106,148,79,136,86,58,8,46,99,66,71,5,27,160,107,48,94,23,70
163,81,139,154,48,14,157,154,93,143,118,13,158,109,18,132,65,23,134,64,66,21,53,61,131,78,63,130,146,91,34,12,150,65,100,68,83,120,150,42,119,127,73,125,57,104,146,62,99,118,28,64,53,104,155,30,54,125,85,82,118,135,139,63,56,5,155,97,65,94,138,65,155,161,34,151,162,116,94,138,131,5,98,114,43,37,6,106,134,82,163,10,148,96,2,125,4,46,66,133
26,60,89,101,105,59,140,147,98,52,92,99,81,76,91,22,3,61,159,82,153,53,54,136,150,47,124,69,118,104,58,112,40,152,96,58,89,55,109,13,45,35,67,20,97,125,16,8,114,75,37,69,163,25,125,82,139,126,151,60,16,119,14,23,60,16,46,89,36,68,128,40,11,100,152,32,70,121,20,90,145,103,42,59,109,145,38,140,16,103,68,130,147,1,69,134,53,97,104,150
15,103,77,1,55,63,86,138,152,151,103,131,80,59,120,5,25,147,125,1,10,98,142,43,68,128,58,45,18,28,16,75,113,35,116,112,66,8,120,106,68,52,29,68,11,19,132,20,113,108,25,6,127,148,21,136,16,134,65,145,15,113,150,106,75,96,112,19,62,11,5,121,143,60,100,10,103,141,15,73,49,158,150,156,125,79,75,75,67,150,140,70,62,145,58,86,82,48,69,154
52,83,121,91,119,91,50,6,135,21,141,5,71,35,57,17,85,93,106,122,46,154,123,80,152,53,91,102,135,118,36,53,51,100,150,88,45,72,75,97,38,147,99,9,4,34,88,127,130,74,72,5,7,134,131,120,114,163,15,68,138,24,129,126,39,78,154,73,39,149,153,161,73,159,155,83,155,31,150,44,55,156,160,67,100,9,3,147,89,63,153,113,77,153,62,108,35,112,63,108
27,14,15,75,102,149,21,152,20,5,12,63,60,52,10,116,143,76,39,143,30,91,25,31,108,86,106,27,108,123,97,25,22,22,120,52,97,26,87,23,144,115,115,76,98,25,164,74,35,22,107,48,38,54,77,3,83,118,3,61,126,103,163,119,42,77,109,87,110,77,48,96,12,57,161,7,159,82,3,14,110,44,121,58,148,120,85,76,82,25,55,40,30,151,61,71,147,88,132,101
34,73,61,9,41,96,28,144,75,138,64,82,66,18,122,33,157,133,3,6,41,6,5,54,145,72,38,72,32,150,76,79,65,14,135,94,16,141,67,160,46,153,151,129,67,83,119,109,32,128,81,73,41,48,58,61,103,155,148,26,101,91,98,141,92,123,131,82,93,112,77,110,123,51,1,100,94,159,30,25,161,153,112,98,68,128,94,95,80,30,158,163,1,88,98,156,36,47,114,86
31,56,37,104,66,73,139,148,128,153,137,128,139,154,129,155,47,60,112,12,81,28,134,144,12,158,112,145,130,19,143,70,17,17,108,149,46,160,53,30,116,149,154,14,113,3,32,156,141,53,157,10,102,131,128,105,97,50,7,156,98,126,18,127,15,52,136,95,119,126,124,29,135,80,126,47,33,125,139,15,76,61,24,32,84,1,35,87,163,15,121,28,132,121,135,147,62,156,31,10
111,82,86,100,126,68,54,151,159,101,112,153,43,102,109,66,144,159,33,120,65,142,117,46,13,159,79,54,119,4,149,162,98,78,87,161,121,155,59,164,79,156,15,151,164,56,7,64,34,58,15,41,71,105,161,83,52,57,153,50,21,121,9,92,78,153,25,48,69,6,116,26,28,53,38,62,14,6,71,70,159,127,123,46,28,4,32,144,93,146,151,148,108,162,157,45,160,93,136,30
103,40,123,121,70,49,23,155,66,99,120,41,150,152,94,135,55,79,34,62,57,31,127,152,122,156,126,87,55,76,65,147,124,108,133,71,9,139,14,2,57,131,114,8,84,20,29,69,56,145,160,50,59,42,142,160,58,12,81,109,34,151,140,102,84,23,24,39,92,104,82,69,4,93,101,11,42,34,157,85,97,25,11,85,29,53,130,61,13,127,86,21,163,126,60,50,143,148,33,4
90,89,130,157,50,3,126,122,8,122,29,40,12,67,40,34,28,136,77,19,40,42,110,86,80,62,11,8,144,80,96,48,86,137,55,97,12,158,159,96,161,33,32,70,152,71,144,18,122,110,111,46,2,113,124,152,65,142,137,66,90,97,95,37,108,144,59,53,51,14,141,83,74,152,44,63,35,27,54,104,38,43,105,66,108,156,79,102,51,125,91,162,158,148,54,63,100,39,55,46
99,121,146,68,107,26,161,87,89,89,83,112,57,135,82,25,142,28,155,147,97,155,56,79,129,31,148,5,86,109,75,65,151,66,57,115,34,19,107,33,113,86,134,111,16,74,5,118,51,43,17,30,149,78,94,60,158,65,34,28,111,56,103,157,37,39,21,2,83,65,104,164,53,59,132,12,67,25,131,127,3,81,44,78,7,57,45,59,5,73,54,109,111,73,68,51,109,159,5,64
102,142,33,71,47,22,148,67,146,69,97,145,122,21,161,88,117,38,164,4,104,39,8,150,100,136,31,22,51,162,18,34,155,10,110,140,87,44,7,144,163,55,123,150,161,138,153,77,138,102,90,135,141,64,12,133,66,120,16,96,59,69,108,3,93,161,3,144,109,122,42,58,22,87,58,129,115,71,77,56,127,161,164,49,67,121,141,57,42,43,80,129,8,76,144,89,90,33,158,63
59,130,76,144,143,76,78,9,25,44,40,57,14,155,92,78,149,68,163,58,53,26,6,107,36,35,3,155,120,35,105,116,73,109,26,160,132,152,105,145,49,120,6,89,91,85,69,80,70,46,131,100,6,38,84,110,23,123,105,103,149,136,56,84,125,21,119,138,160,44,131,92,121,143,32,36,60,2,69,111,23,155,6,146,107,106,127,146,1,20,60,90,16,100,107,157,16,56,79,61
36,105,105,133,116,88,160,120,72,102,156,72,92,103,97,8,147,57,29,112,87,13,145,1,67,44,83,154,59,110,24,126,116,133,16,117,134,54,31,76,94,108,144,85,107,98,85,51,149,27,147,43,13,81,90,68,126,67,133,13,9,109,59,9,12,116,89,70,108,56,18,14,149,13,79,41,68,63,35,16,8,104,8,140,36,73,104,32,146,18,5,58,160,86,127,53,64,67,72,75
96,59,102,80,118,57,85,62,57,13,129,164,75,133,99,83,15,72,78,60,132,126,10,118,9,30,136,63,3,158,27,67,41,161,99,128,91,126,125,86,84,98,135,124,142,124,162,52,161,86,7,82,118,142,122,49,78,40,103,112,3,36,42,110,69,115,91,56,67,76,70,113,57,106,117,79,82,73,136,128,155,109,35,69,151,108,36,158,47,141,141,155,60,90,42,93,81,127,150,58
98,32,81,52,10,33,52,156,121,113,78,3,86,151,12,74,50,13,87,139,51,82,24,70,69,92,127,147,88,42,83,55,103,141,5,7,50,118,4,102,19,67,100,30,127,101,54,57,84,18,1,7,24,85,134,79,32,41,11,141,100,23,40,12,151,139,113,33,134,132,86,28,26,112,139,28,78,120,96,136,2,118,159,29,12,52,132,118,96,60,82,66,127,82,116,116,12,69,156,93
78,108,134,123,147,2,55,10,81,127,19,137,98,100,49,150,160,132,12,63,19,20,14,34,98,70,39,156,83,31,43,109,26,111,2,113,20,47,142,26,152,6,52,58,24,52,28,85,87,21,153,124,85,43,141,85,122,114,47,147,158,40,68,135,116,124,45,3,94,95,114,25,2,157,116,76,90,67,7,1,72,86,115,34,75,112,69,135,143,119,161,116,49,64,121,29,137,23,87,85
42,150,153,140,34,8,122,26,65,59,32,148,1,118,102,53,87,43,48,134,43,161,111,127,142,146,113,126,4,90,112,80,74,138,94,119,18,18,164,74,98,23,13,65,149,72,58,67,57,158,6,47,120,90,14,138,28,83,112,107,28,76,30,54,59,131,105,159,17,79,107,126,154,104,75,48,83,33,122,33,129,133,110,109,141,43,147,127,156,89,96,63,12,20,41,123,157,8,22,35
60,42,26,93,78,29,113,117,49,159,31,64,104,149,13,40,98,125,36,117,126,90,22,7,102,119,86,138,71,121,109,78,153,9,60,98,94,149,91,79,89,159,59,28,21,130,83,143,78,55,62,130,74,103,72,32,128,55,125,62,46,62,37,111,153,76,7,4,107,46,34,102,139,123,104,80,125,49,113,3,118,126,106,6,115,12,73,120,83,126,122,18,29,103,95,103,124,77,163,114
153,91,126,132,142,39,53,17,113,22,116,2,84,143,34,61,2,124,52,14,74,77,149,56,144,157,44,43,145,108,151,131,28,70,101,103,147,124,9,132,78,54,127,144,46,91,96,95,39,162,95,34,116,125,85,76,86,42,98,106,147,141,84,103,88,36,17,105,86,51,129,76,1,114,97,69,154,101,18,155,122,94,2,11,160,94,137,105,64,70,3,73,116,93,92,35,150,30,16,9
158,43,149,90,128,83,39,12,32,61,89,45,39,11,107,162,114,92,65,3,60,122,43,62,58,77,4,61,163,63,106,142,39,94,18,102,79,25,135,114,109,124,1,59,10,95,44,33,124,17,104,152,112,121,86,29,100,28,17,116,30,13,21,93,2,61,96,136,28,146,91,142,21,135,37,52,84,144,13,87,40,85,85,65,11,14,110,69,40,153,138,120,113,144,109,162,65,105,27,43
14,145,1,149,74,86,119,18,142,6,134,43,37,19,164,138,103,58,66,128,69,78,152,17,104,135,155,140,162,164,139,96,158,103,155,5,108,17,121,159,1,1,124,74,126,162,10,37,110,126,20,79,23,49,54,134,107,56,119,114,127,83,28,79,1,130,150,101,164,66,27,21,129,150,5,61,22,108,2,149,61,54,90,93,6,119,106,99,116,72,120,31,9,53,131,154,10,141,89,131
40,61,17,35,141,151,162,127,30,104,4,36,155,137,123,50,29,37,80,164,120,139,151,12,159,124,50,94,68,15,121,39,53,60,146,142,67,34,88,17,29,85,90,69,106,160,90,117,31,67,124,99,139,146,47,25,25,71,144,17,70,8,79,48,106,63,38,142,30,82,9,151,84,142,99,102,7,75,87,130,113,23,37,108,58,153,101,49,45,121,41,77,92,91,148,60,18,130,3,1
12,68,136,83,164,31,61,130,161,67,149,10,91,56,89,161,72,134,94,17,135,150,153,131,22,121,87,18,97,153,101,153,79,44,45,153,125,122,110,112,158,11,106,38,3,106,74,55,61,40,121,54,67,36,104,139,161,11,28,152,35,39,44,163,66,64,8,126,142,134,125,84,15,88,53,163,113,18,82,74,89,99,155,149,87,19,34,159,25,52,85,159,120,150,20,111,151,4,103,152
67,109,128,108,123,40,56,75,140,117,71,93,101,141,54,129,11,102,50,53,144,111,94,154,89,148,16,29,125,2,31,146,23,46,43,36,68,69,134,149,124,137,161,100,135,145,11,35,111,4,16,123,134,159,151,159,96,69,61,108,29,132,90,39,83,88,39,55,75,78,113,7,161,82,149,65,93,78,135,37,52,88,62,99,85,36,159,124,135,164,64,117,73,12,103,110,125,52,125,119
33,158,111,87,93,139,103,27,154,150,94,77,130,23,4,103,134,83,108,102,112,30,121,67,76,132,70,75,19,14,130,20,24,99,147,43,31,142,33,150,86,91,80,101,44,111,150,53,119,111,113,118,87,137,57,163,145,13,55,151,13,115,61,27,43,81,162,77,80,85,66,160,160,43,135,134,47,14,112,148,25,100,74,148,42,138,133,26,68,114,146,75,115,156,28,106,76,28,109,13
56,80,150,7,135,100,93,101,68,55,159,89,152,86,128,87,17,63,73,105,31,2,125,25,97,108,18,78,155,151,110,102,33,162,6,101,107,33,82,103,91,107,117,78,138,55,76,131,29,83,164,38,72,46,146,119,79,23,130,134,152,160,64,96,26,143,82,111,2,28,119,93,127,63,2,16,132,69,41,71,156,120,64,158,77,11,136,101,65,147,32,115,39,79,147,122,74,147,7,128
68,19,31,16,17,54,115,63,145,142,65,23,76,94,111,2,95,75,53,57,71,70,44,151,92,125,119,149,26,155,37,84,145,151,31,35,119,163,24,31,133,139,77,127,81,113,130,147,133,159,159,18,146,70,50,10,75,164,161,89,68,96,24,29,96,44,137,50,55,93,157,44,94,154,51,114,12,111,10,80,150,132,135,27,53,15,102,100,81,57,40,5,130,24,129,56,56,132,11,65
24,15,116,11,53,84,158,79,134,131,84,70,132,57,17,97,90,88,131,24,91,68,91,76,7,36,66,146,65,55,158,4,18,123,122,24,96,6,115,137,9,22,63,149,78,23,107,23,67,97,139,52,137,156,6,162,153,85,4,87,84,30,15,44,110,119,27,12,113,162,134,13,49,34,12,37,116,60,4,6,83,82,76,40,123,88,93,19,70,74,63,147,99,116,97,52,118,58,78,33
92,29,79,58,97,7,12,55,148,46,163,135,65,37,157,159,1,46,96,7,162,14,78,121,53,107,122,83,16,78,15,155,99,130,30,19,35,43,19,78,157,4,68,24,79,48,129,58,155,148,13,15,88,19,116,16,40,113,89,86,5,66,134,138,47,102,158,84,104,57,139,104,16,52,115,150,23,7,85,18,158,21,4,73,102,40,139,24,154,79,107,37,58,44,115,84,154,16,14,162
48,10,78,129,110,112,123,118,103,65,36,19,134,20,67,24,70,109,111,22,131,8,120,38,42,17,67,4,99,92,156,164,56,50,163,15,86,20,39,47,26,63,143,131,74,75,46,93,132,98,119,20,27,75,147,125,73,152,164,40,146,65,20,86,162,19,142,109,101,80,83,114,88,29,23,133,156,16,110,133,96,32,103,127,49,29,135,45,114,34,150,98,59,85,164,49,68,3,77,163
123,96,154,22,91,90,45,149,76,86,139,90,127,148,90,60,130,73,118,84,61,35,99,120,93,48,68,152,63,18,22,58,142,4,113,10,10,66,5,88,81,132,31,123,66,6,131,108,4,39,106,128,45,98,16,72,69,61,70,149,161,150,23,120,112,14,98,161,99,92,127,77,122,71,95,25,130,89,111,64,42,93,40,153,94,63,160,131,128,137,13,106,134,55,46,149,86,137,21,73
91,120,104,73,113,43,142,159,106,56,128,54,31,146,15,57,101,100,16,55,143,58,93,45,96,39,156,82,8,103,115,6,138,160,141,151,137,134,156,51,143,123,93,25,88,58,126,121,40,62,152,112,12,93,113,103,125,92,146,100,58,82,107,52,51,132,50,123,120,38,52,12,107,9,57,139,134,56,74,53,59,164,163,2,44,23,20,151,15,1,26,35,35,57,3,14,27,50,94,49
140,46,7,96,31,74,35,90,24,125,63,149,88,93,84,120,139,115,62,42,23,52,107,50,47,95,98,9,79,144,117,93,80,64,47,66,27,93,146,48,72,47,58,136,61,45,127,11,98,155,57,140,31,133,36,154,129,33,155,8,64,117,47,104,55,125,160,164,54,15,79,124,82,149,131,34,43,45,149,160,164,107,25,118,126,48,41,29,121,19,17,164,28,94,52,133,115,24,34,50
160,118,160,23,76,89,150,20,37,129,14,113,119,6,115,156,41,24,150,50,136,102,47,99,163,60,81,135,149,5,84,15,109,129,93,70,41,97,147,157,82,128,116,104,116,146,17,22,164,48,146,154,22,162,76,14,113,74,37,119,60,144,159,59,103,120,44,49,162,83,22,141,124,131,127,92,163,94,58,31,93,97,79,80,117,35,80,17,150,92,38,131,54,52,142,81,3,106,95,156
76,75,88,111,4,152,62,86,100,4,52,144,64,4,2,107,22,107,122,32,109,97,81,130,116,151,78,3,138,100,11,119,69,42,76,87,39,112,112,110,36,16,119,140,56,46,50,164,74,161,73,55,48,123,67,43,17,63,138,95,92,5,54,123,100,163,67,112,91,25,32,157,32,81,42,8,153,104,125,62,28,36,10,76,59,24,124,149,49,2,43,126,103,122,125,12,91,161,18,145
116,36,18,70,37,79,5,98,92,33,96,108,50,158,55,139,35,87,70,124,18,17,136,64,149,99,24,136,134,124,100,54,64,37,32,159,150,57,76,93,87,18,9,159,132,148,78,163,46,119,68,137,156,141,114,127,49,116,123,122,33,10,72,148,136,100,156,114,76,5,146,37,140,58,62,67,85,117,121,132,21,150,58,62,101,148,56,129,79,105,45,25,105,152,128,16,104,73,115,139
38,67,151,81,138,34,98,163,64,48,80,78,16,85,9,126,86,41,58,94,151,33,97,92,60,1,88,132,45,114,141,72,117,143,19,95,140,135,8,38,129,155,72,105,130,27,139,113,2,61,122,107,148,112,112,147,38,100,163,111,132,1,126,97,133,158,71,58,131,7,64,156,99,65,119,154,21,77,137,119,154,55,100,52,134,92,21,98,26,163,114,19,141,40,63,121,135,85,146,55
62,147,21,122,94,157,135,135,43,98,95,163,13,126,101,144,63,36,37,133,99,87,104,60,121,89,54,14,38,56,159,33,107,90,149,131,80,41,141,162,95,83,125,61,43,16,41,161,156,34,70,2,21,53,60,26,148,34,152,16,53,35,113,100,144,159,64,141,147,121,98,137,100,18,144,68,128,11,164,145,85,1,75,12,24,60,151,42,44,113,106,4,48,105,150,80,112,40,41,41
17,33,47,164,2,85,102,13,26,85,145,75,68,16,155,73,21,112,24,118,47,85,164,106,113,101,138,74,57,68,30,138,137,59,92,155,104,117,131,36,108,72,5,153,90,77,147,43,24,113,108,146,37,111,137,1,47,10,162,21,144,11,35,45,90,90,60,72,26,75,148,39,70,72,13,23,31,160,129,159,108,40,3,25,130,13,70,96,109,68,44,39,25,70,23,127,37,118,111,17
75,72,83,118,159,35,116,60,102,135,109,27,115,119,114,39,14,1,136,136,145,43,139,138,74,140,90,42,20,27,81,122,148,58,71,82,60,125,1,139,12,119,120,63,125,114,67,90,3,124,52,28,34,122,80,69,53,2,2,158,24,49,16,146,159,59,77,68,117,158,33,97,113,35,157,161,38,68,60,92,163,47,137,10,3,44,129,85,12,54,12,86,102,59,94,113,116,142,151,95
151,115,125,49,124,156,111,23,58,77,9,53,144,70,160,104,83,15,69,145,82,75,156,19,44,14,7,58,78,106,92,26,36,68,145,100,111,133,152,54,125,148,23,50,17,142,138,84,37,44,19,116,25,32,132,28,56,64,6,123,121,110,52,82,164,164,88,54,71,53,46,125,146,48,86,124,63,40,155,154,148,19,50,117,135,154,91,92,36,156,108,105,69,78,78,15,5,131,120,159
150,143,117,2,7,121,124,112,126,41,77,106,146,26,69,6,146,155,44,74,68,96,70,147,3,131,161,53,2,152,132,137,119,57,7,141,143,88,138,126,145,10,46,29,25,7,2,87,126,92,3,160,108,153,42,88,57,131,136,54,63,50,160,36,10,95,146,7,122,155,81,85,65,125,120,35,69,139,156,29,10,136,113,36,27,42,156,130,56,41,62,52,81,141,104,99,149,163,25,158
81,98,159,134,61,120,11,40,97,123,154,92,126,139,11,26,52,17,115,107,125,121,148,11,52,59,47,44,46,34,29,52,16,113,10,90,117,99,143,146,24,151,36,88,110,154,156,40,21,37,27,129,75,108,20,115,35,81,13,37,79,64,86,140,126,49,121,43,11,102,159,35,137,16,30,147,66,130,158,122,111,138,15,71,48,164,146,40,132,132,19,160,106,125,96,158,15,82,123,88
65,51,58,48,144,134,26,56,60,162,160,129,138,101,37,21,57,67,89,11,80,83,129,124,162,152,9,37,90,107,21,57,27,56,28,14,122,7,51,22,137,59,142,147,151,69,135,81,131,35,29,161,78,139,105,65,160,52,23,44,22,147,157,7,27,72,10,99,61,72,71,38,56,146,78,155,74,53,93,12,128,42,5,100,83,16,15,68,48,76,111,7,78,61,86,112,14,71,64,40
5,101,82,114,21,125,38,132,157,111,164,116,143,8,71,65,132,99,161,88,79,67,41,113,43,155,147,33,39,25,94,160,60,106,59,63,92,153,72,148,135,96,43,45,82,144,80,48,28,142,93,138,143,61,68,51,85,5,120,126,49,61,97,99,58,2,37,47,50,100,85,23,37,66,21,82,11,114,132,161,94,146,20,54,112,30,63,54,63,4,155,156,109,48,36,10,60,13,32,94
8,140,131,37,163,154,144,140,104,64,126,107,21,24,118,154,56,80,114,119,85,163,62,26,141,87,75,157,133,99,57,86,81,24,128,150,155,94,23,64,31,150,45,21,12,39,33,103,148,109,120,110,138,149,64,126,120,35,46,83,115,47,58,161,71,24,41,162,5,26,58,81,50,7,19,140,122,134,39,7,35,144,151,20,66,144,7,77,52,90,15,2,114,97,124,38,32,152,137,117
124,63,96,45,35,133,100,64,83,116,75,56,112,142,116,99,5,158,54,21,89,158,37,36,135,143,17,129,41,6,126,100,83,21,62,23,129,95,158,105,40,93,158,77,114,54,84,47,109,68,89,70,20,130,103,158,104,140,9,110,40,75,94,61,123,147,6,21,95,45,3,131,14,145,10,121,88,87,62,93,17,95,82,115,26,161,86,58,27,16,70,87,84,33,90,101,13,154,139,92
18,5,3,5,125,128,84,2,10,70,132,8,30,157,149,28,10,47,7,86,6,37,65,125,64,64,121,104,153,130,45,120,134,134,73,164,160,75,38,113,149,42,66,51,102,117,22,29,52,70,49,142,161,158,91,38,55,136,117,153,18,17,109,113,9,110,84,79,106,49,50,87,40,1,98,141,6,91,63,54,77,68,1,72,2,85,87,16,105,40,25,62,138,15,35,2,127,102,108,28
155,49,34,40,161,5,80,28,95,109,121,33,149,27,46,100,81,104,110,96,100,19,59,98,148,114,131,1,11,64,17,118,94,36,158,114,78,91,130,117,128,89,61,10,1,9,140,30,163,28,140,60,126,74,30,31,4,104,74,77,36,22,130,11,157,70,143,102,138,30,137,9,95,133,145,60,5,37,89,20,75,90,80,103,124,135,71,74,131,142,50,133,117,68,80,143,7,45,164,45
43,129,48,42,115,81,95,66,153,144,20,139,78,95,158,77,122,95,126,156,35,45,32,32,21,57,33,131,12,21,118,43,154,27,21,53,153,119,54,91,77,140,70,54,159,28,34,129,106,149,118,90,100,57,13,121,162,3,75,59,150,71,74,31,141,35,61,41,14,128,132,103,24,70,11,148,120,80,16,156,36,70,92,121,10,139,122,145,159,80,6,74,24,75,89,9,28,9,17,81
66,151,60,159,130,87,8,81,52,60,135,97,137,13,26,158,121,25,143,98,160,51,67,126,143,141,14,65,36,93,135,36,67,120,142,111,156,61,65,27,121,122,145,157,92,116,56,153,59,160,74,133,103,18,97,8,70,160,106,24,23,107,104,34,132,28,30,96,130,81,76,112,98,121,52,113,86,13,24,105,153,76,132,42,47,122,128,108,8,64,42,44,76,164,44,77,43,17,122,123
148,152,68,43,12,107,4,29,5,126,106,38,140,123,24,45,153,103,40,152,27,49,103,72,103,4,102,60,98,154,1,83,131,102,109,75,43,151,163,131,130,116,7,141,19,147,161,1,121,45,30,126,142,1,117,50,84,31,102,113,26,80,162,85,97,29,161,128,154,86,1,101,162,160,71,104,124,10,61,91,133,3,126,119,131,59,95,11,102,77,57,102,107,21,79,72,96,64,84,155
58,11,87,46,75,164,72,42,137,2,157,104,9,111,103,18,6,114,116,140,11,12,18,163,2,147,116,97,24,143,99,49,9,101,54,33,25,104,55,151,93,66,10,109,15,8,48,112,160,130,83,29,4,29,5,108,93,158,128,143,157,28,116,134,86,33,34,148,137,156,164,149,31,138,64,33,28,153,52,55,79,160,146,144,152,111,22,78,39,42,4,94,21,102,27,119,99,139,73,104
87,159,103,54,11,65,91,106,130,121,8,105,19,62,59,125,49,11,56,141,39,38,45,119,4,9,34,17,159,163,9,108,49,20,88,156,38,85,100,52,138,8,104,92,117,76,154,7,33,51,158,155,96,91,82,7,19,141,26,22,57,128,80,20,150,87,20,110,29,32,68,147,38,28,89,78,164,128,118,26,95,45,125,14,33,51,148,122,55,7,47,108,83,63,91,17,75,114,98,52
49,149,147,153,28,132,118,119,34,130,39,110,10,105,124,67,96,78,95,9,58,99,95,68,114,98,125,30,23,57,52,23,123,89,134,49,130,150,93,32,37,112,75,71,35,96,31,115,97,19,35,58,28,86,66,94,147,96,76,101,141,156,120,124,77,138,11,46,41,133,105,90,142,141,24,14,106,118,95,158,60,115,21,81,79,91,61,71,62,38,33,153,51,50,4,26,69,15,153,71
20,1,110,119,58,109,121,1,139,53,130,25,133,122,140,124,162,9,59,27,70,56,16,16,38,129,60,137,13,86,137,73,2,75,125,157,40,111,45,109,155,74,101,107,7,36,68,60,45,23,54,98,35,21,109,86,5,105,77,70,81,106,81,94,91,31,2,145,114,153,47,3,23,91,159,72,19,112,32,141,141,41,87,135,19,155,117,80,120,28,76,125,47,101,73,11,101,145,6,56
110,52,135,102,46,37,132,107,35,72,87,133,7,160,81,23,32,138,162,66,28,47,98,164,146,25,1,89,114,101,6,14,7,33,74,129,124,137,6,6,33,111,140,62,163,161,117,94,144,101,137,33,83,39,28,101,149,93,5,132,139,37,123,139,73,7,47,155,129,116,112,118,79,103,125,51,49,58,152,50,30,131,107,15,4,72,115,83,129,58,160,89,44,72,72,22,93,129,113,105
119,128,72,138,140,61,19,53,110,103,34,30,154,153,19,55,62,32,99,150,158,16,40,94,5,67,120,24,111,51,44,28,102,80,50,9,70,22,15,118,90,19,157,2,30,94,38,5,49,152,59,121,130,52,119,90,144,72,50,155,11,68,100,90,80,89,123,16,16,124,143,1,36,94,96,15,161,135,78,30,12,6,70,94,161,114,33,55,153,149,20,27,104,28,99,130,139,115,105,122
129,127,45,57,67,55,14,72,14,132,153,95,61,75,151,38,73,8,20,73,62,119,42,110,85,63,36,48,136,89,63,77,152,107,1,154,13,31,73,100,53,65,50,120,52,35,15,92,23,151,161,81,46,35,145,21,77,119,33,146,75,131,99,105,7,15,5,75,123,139,69,134,131,90,9,115,72,1,160,81,157,125,102,90,163,149,27,27,137,97,67,32,88,133,18,118,142,104,44,8
121,86,36,31,77,104,17,61,160,10,7,119,26,115,132,115,88,44,104,109,124,36,13,4,63,91,82,119,94,10,28,149,55,39,39,80,37,28,95,65,74,95,121,160,150,30,116,101,117,138,94,16,51,45,148,62,136,19,94,30,82,125,161,19,28,108,106,81,70,36,8,56,81,22,85,99,118,81,57,28,106,124,124,104,76,134,134,51,3,130,115,152,72,111,162,160,117,98,56,26
125,110,157,143,131,64,82,15,136,76,136,34,2,77,108,106,111,151,35,81,164,62,51,149,55,34,80,108,34,44,122,47,136,73,67,121,21,5,117,127,96,32,3,46,6,149,94,65,83,9,42,120,94,71,39,71,121,43,126,137,44,92,48,74,154,60,51,59,151,59,84,60,151,15,105,46,123,158,81,112,90,159,53,162,60,103,54,6,18,87,152,138,14,43,126,145,88,155,124,111
10,28,53,50,108,136,105,121,1,155,108,102,106,15,30,29,155,150,60,23,133,74,102,81,86,130,12,107,142,127,3,31,162,105,132,31,142,146,140,66,64,30,17,53,124,11,25,146,6,88,2,12,91,109,152,151,22,91,101,10,116,122,12,26,21,137,32,153,141,142,133,145,64,46,61,95,143,109,153,68,56,128,84,151,155,54,64,67,11,10,143,97,64,108,110,33,146,107,71,62
149,94,55,4,57,41,145,83,46,23,41,86,100,131,137,117,31,52,135,93,16,124,105,87,123,52,8,21,44,11,59,46,132,127,56,44,128,109,32,77,139,68,11,48,37,136,134,42,120,56,26,150,50,77,69,84,45,87,121,118,14,129,149,41,45,18,130,64,85,21,150,139,130,61,47,57,121,95,46,2,98,48,73,45,149,104,96,15,38,83,126,141,129,49,118,142,108,36,86,47
138,17,91,145,162,77,108,164,111,27,25,121,52,164,104,54,39,94,101,138,94,65,140,23,54,61,65,84,113,9,113,19,91,136,107,21,126,100,148,40,39,49,44,42,55,84,65,144,151,64,85,104,115,4,96,132,150,89,62,98,6,31,62,122,81,65,76,93,44,137,10,163,96,74,154,54,145,131,6,95,140,31,9,143,159,163,59,30,71,23,78,151,19,74,16,98,80,21,68,36
159,55,13,99,43,105,151,93,118,87,44,138,145,113,5,13,58,35,98,108,139,27,82,158,110,123,85,116,157,97,56,99,44,119,83,79,139,121,149,140,35,61,129,86,96,26,40,137,71,52,69,45,70,2,46,89,12,7,80,91,71,79,146,2,64,62,144,158,163,115,87,30,164,44,45,145,76,30,55,144,146,77,38,86,147,50,13,60,147,160,92,72,10,16,66,18,106,78,30,83
61,162,115,8,155,52,42,77,87,141,62,157,94,30,100,96,154,117,27,41,114,132,46,5,153,33,100,128,85,84,42,56,106,63,64,48,154,132,61,25,20,78,14,1,18,140,160,68,103,87,109,42,113,28,129,135,137,49,108,7,123,20,49,4,122,3,55,44,20,18,73,105,125,96,28,90,44,79,106,143,24,92,29,150,31,89,114,116,29,67,154,79,61,159,102,7,33,83,130,102
54,69,4,103,72,153,29,110,41,156,16,151,24,136,130,92,108,164,67,33,33,93,88,129,118,2,22,115,27,69,62,38,157,87,95,123,106,24,90,58,105,94,49,81,51,65,157,83,137,66,36,109,110,118,138,96,112,48,129,34,94,138,93,133,155,136,120,137,149,62,41,152,44,17,76,122,101,84,14,147,64,49,94,88,157,25,9,25,9,56,109,24,66,87,156,117,113,135,51,29
30,160,124,41,112,143,110,44,149,83,122,21,141,161,162,147,71,22,5,25,113,129,28,103,23,79,6,122,104,81,25,141,63,53,160,158,65,45,122,130,92,28,12,5,14,5,124,116,54,163,47,31,106,14,53,66,76,154,51,20,74,6,53,50,68,135,1,40,52,151,23,61,60,107,55,53,151,83,114,83,13,46,69,128,144,84,57,81,108,9,65,114,27,149,108,105,97,124,117,97
141,157,152,158,100,70,137,19,16,45,70,39,33,40,65,85,138,3,129,132,5,4,69,97,17,49,77,117,137,94,119,7,111,72,139,8,157,82,99,82,112,133,118,102,108,112,111,88,69,132,67,153,132,60,157,141,106,90,149,148,19,112,55,5,115,107,49,86,46,23,80,73,55,92,156,39,52,107,140,109,70,29,17,7,150,62,49,28,164,31,18,59,143,10,11,100,131,120,8,79
136,93,38,89,8,142,73,48,138,78,150,140,160,31,105,145,23,154,93,47,149,55,92,123,151,74,149,81,6,141,127,98,84,159,49,135,100,106,123,141,99,135,71,87,85,158,63,138,104,143,115,156,157,96,153,97,90,108,132,33,112,85,22,129,22,40,122,119,144,34,29,89,46,26,142,1,92,86,147,121,63,163,120,68,121,131,98,103,151,128,156,145,43,84,50,131,121,34,112,18
106,18,94,65,151,21,129,128,162,158,158,161,40,84,70,70,38,89,25,126,130,109,135,112,111,83,154,38,87,115,146,95,112,8,102,76,51,162,129,15,136,51,48,110,95,135,61,107,123,82,148,39,154,143,9,130,60,77,39,94,47,73,7,150,38,126,141,78,8,13,51,88,72,45,35,162,25,20,51,66,142,96,65,125,73,87,4,88,34,88,93,100,101,127,75,153,40,72,161,77
73,54,162,106,49,13,59,43,22,63,162,136,82,114,22,16,116,137,71,127,134,81,160,42,70,142,93,41,76,159,5,9,101,55,85,41,19,90,2,111,41,41,103,98,39,123,95,133,60,116,101,86,121,20,2,4,36,139,25,65,105,9,138,121,107,121,86,24,150,58,61,62,80,39,26,38,157,54,67,11,4,114,45,147,38,98,12,93,117,95,105,17,37,25,6,90,59,150,102,90
132,114,56,126,84,141,69,123,42,81,125,50,35,49,31,71,161,16,30,29,63,40,115,95,95,65,72,77,158,88,91,128,141,145,154,85,99,46,12,120,7,157,83,79,34,70,81,76,135,91,60,87,133,13,143,100,154,16,40,45,135,155,73,159,33,48,128,151,24,64,25,41,42,163,82,3,15,161,17,126,81,4,158,91,96,110,162,43,85,136,59,56,161,130,161,92,122,1,142,157
154,3,40,63,96,46,88,58,99,74,111,24,34,104,144,15,93,26,83,48,52,7,101,139,128,19,20,80,1,7,144,105,75,121,72,89,22,71,48,12,110,114,24,11,94,155,123,34,159,2,143,72,99,73,123,75,155,1,140,55,128,21,112,33,87,26,19,106,89,120,94,48,66,31,87,160,40,122,144,60,20,135,144,92,120,32,125,112,111,55,103,38,63,161,15,151,92,11,157,89
108,135,142,125,117,69,99,161,150,157,117,142,96,2,159,36,105,50,107,99,8,157,66,90,59,15,57,142,89,45,39,18,47,30,79,64,145,52,80,55,28,26,132,161,31,21,42,132,112,36,162,14,81,163,111,137,29,111,38,64,56,93,31,28,13,22,42,1,102,148,65,75,101,110,65,93,138,23,75,57,15,112,111,120,30,125,72,139,76,124,29,134,52,2,132,69,51,121,135,38
127,100,80,56,86,102,22,3,12,39,151,83,49,121,136,141,27,77,92,155,75,15,86,75,31,46,111,55,31,17,23,11,13,15,112,118,148,92,102,101,126,92,84,23,60,32,19,139,66,121,55,61,54,24,115,123,134,122,1,49,72,27,69,55,148,69,53,52,4,84,30,109,54,162,94,97,27,132,108,94,16,58,57,22,139,80,142,3,66,59,162,124,154,112,159,68,98,91,92,160
97,124,98,59,85,1,131,91,85,147,102,69,148,54,61,164,4,12,17,18,25,146,4,59,61,133,135,15,37,83,54,29,57,12,4,72,158,68,10,7,8,48,102,13,121,109,4,86,162,144,141,131,39,26,61,116,159,156,95,9,86,58,136,144,149,114,33,15,74,24,35,33,114,55,25,77,57,50,83,17,135,11,134,130,86,67,47,33,122,120,131,42,135,131,82,59,55,62,49,80
74,132,27,146,139,148,104,4,11,161,61,51,135,82,50,63,79,140,22,154,123,147,146,55,136,13,101,25,123,85,10,63,71,61,127,51,90,27,71,56,51,76,2,133,68,53,14,59,127,153,33,23,107,110,37,98,117,95,24,32,41,158,117,57,104,25,135,121,22,55,121,159,17,62,4,74,107,48,79,164,101,145,22,70,153,78,121,107,84,84,10,50,152,95,101,70,23,84,57,69
86,39,85,136,156,51,89,94,158,110,55,154,17,25,32,109,8,39,15,85,64,48,96,73,126,18,29,120,106,105,40,24,120,88,156,56,81,10,151,59,115,121,40,37,87,92,136,13,108,7,40,148,19,37,41,161,138,147,107,52,117,74,2,153,117,101,81,107,121,8,120,78,62,75,107,144,149,59,133,61,51,142,129,21,72,71,111,137,23,65,139,15,89,45,114,164,54,5,81,3
57,26,44,3,14,159,18,82,114,112,91,35,95,32,83,118,97,85,145,89,29,135,106,71,157,150,52,118,128,147,7,3,93,82,104,136,84,38,139,41,30,81,126,122,72,150,39,111,76,141,43,84,55,87,18,23,163,149,27,157,10,33,133,49,163,84,40,42,152,47,97,140,25,119,162,109,79,146,103,49,104,111,152,28,88,123,53,65,158,39,147,84,122,17,56,65,94,100,1,44
145,119,118,127,90,67,43,33,4,152,45,100,70,64,48,76,164,101,26,151,24,108,132,85,24,82,99,51,140,47,150,82,42,95,143,50,77,103,145,155,10,136,55,83,75,151,55,106,79,133,133,26,9,97,79,87,133,60,135,76,66,14,105,67,102,74,62,35,25,108,54,19,78,38,118,105,53,106,148,123,65,17,14,35,57,69,120,153,139,100,8,46,17,51,145,129,162,122,138,138
35,48,92,135,160,38,138,8,129,149,35,147,121,58,62,157,30,70,86,104,117,5,63,148,40,51,143,20,131,135,154,32,129,144,66,39,116,136,97,35,22,99,42,113,111,102,47,31,43,105,92,53,57,126,130,114,13,45,21,51,73,116,1,137,46,109,29,98,148,152,144,63,110,105,49,119,109,98,116,39,117,50,149,124,81,34,118,164,97,13,124,30,31,30,81,87,163,59,52,151
1,97,129,24,71,129,36,78,122,50,23,67,117,150,27,4,76,161,113,125,55,149,143,88,154,24,158,7,53,119,85,1,82,26,9,29,131,56,30,45,67,146,79,139,76,64,143,15,1,103,10,89,97,129,75,27,74,132,87,154,31,140,57,62,41,73,100,83,73,88,96,150,145,109,17,21,114,74,34,146,34,91,83,82,91,41,51,13,107,85,21,81,57,110,53,23,136,101,47,60
45,78,35,86,120,36,64,57,82,9,131,103,142,41,42,123,18,160,97,36,106,10,79,48,140,103,45,2,17,87,66,5,130,11,151,105,88,96,34,67,18,2,82,163,77,137,49,12,16,99,56,65,92,7,110,106,63,121,96,121,99,81,77,80,113,151,87,88,34,40,88,22,133,101,147,18,140,47,104,151,99,148,136,44,21,130,108,148,50,101,14,139,126,128,51,1,83,162,42,19
77,58,100,148,19,162,51,116,132,49,119,65,102,144,41,81,99,48,158,131,155,120,20,63,124,105,153,57,102,156,107,157,35,62,12,110,161,36,11,158,107,39,160,6,133,126,113,96,94,72,136,88,114,79,38,34,142,146,64,144,37,101,132,65,160,53,22,22,140,154,16,135,63,83,113,128,37,151,53,63,119,15,68,61,142,31,109,31,58,122,119,14,79,109,39,8,138,32,48,96
139,44,65,60,101,113,37,69,17,124,54,94,8,99,143,47,124,162,84,116,90,141,1,69,37,80,69,91,117,22,102,35,45,40,65,17,54,105,154,72,34,105,65,34,143,133,62,149,146,93,135,62,159,115,135,95,89,137,54,90,83,130,122,116,118,11,114,139,79,70,109,16,156,120,141,116,158,138,88,140,151,71,108,23,98,99,149,14,88,22,104,69,53,36,93,20,119,125,13,126
70,126,144,13,81,78,68,126,74,43,115,115,125,156,28,72,84,98,137,163,12,50,124,155,88,76,118,93,29,67,160,121,128,132,84,143,3,114,62,16,25,104,28,162,41,47,93,73,145,5,61,111,14,84,56,109,10,8,99,11,4,55,110,81,44,68,140,91,105,31,154,71,68,67,69,81,24,64,65,108,162,14,72,110,37,83,55,18,57,48,11,48,149,139,122,79,67,92,54,22
51,136,140,160,106,66,49,129,69,118,22,28,42,73,117,163,61,82,132,45,98,88,48,135,14,11,146,160,107,113,32,124,20,79,159,45,44,161,124,24,80,29,88,119,27,134,24,14,116,71,22,11,44,8,126,20,31,97,36,162,155,45,91,69,63,27,157,130,3,129,43,120,92,10,77,164,58,115,100,129,102,141,55,16,45,33,37,117,162,50,144,92,97,67,30,32,6,119,97,118
95,125,22,64,154,32,70,113,133,75,93,20,124,112,131,49,91,49,76,77,38,9,23,91,147,10,114,19,160,131,120,97,62,124,36,81,62,79,64,147,56,31,122,146,38,127,101,97,50,95,155,68,5,76,65,107,11,130,49,99,62,44,152,75,36,45,31,26,84,60,31,116,41,116,90,152,160,21,163,142,134,74,156,3,137,21,26,154,2,107,34,6,144,23,154,4,31,123,118,57
133,16,19,124,137,122,152,85,23,35,11,18,56,98,68,82,26,97,42,97,127,44,138,83,65,164,163,85,60,33,55,30,140,148,23,126,120,42,13,68,5,129,64,39,131,120,77,70,30,38,126,75,147,68,27,63,105,94,56,57,85,142,13,162,11,134,163,156,31,91,160,80,19,33,56,156,147,24,33,40,139,66,31,164,62,81,112,104,91,51,95,41,124,142,134,41,130,75,65,27
147,112,70,66,45,110,44,46,131,93,155,117,44,44,96,148,118,31,10,160,101,61,155,77,127,68,142,34,22,134,19,127,164,84,34,46,105,154,40,153,83,130,74,27,54,4,91,10,9,80,150,71,90,83,44,52,98,79,67,35,95,114,83,89,145,38,63,113,111,71,40,132,120,5,143,94,80,100,97,137,115,87,52,139,22,46,18,126,112,33,28,9,151,140,158,137,20,53,59,144
25,21,62,139,62,25,2,21,86,66,114,22,83,79,25,37,151,157,105,46,4,110,58,44,20,37,160,56,81,32,82,62,92,16,51,109,48,59,106,69,123,70,22,4,141,129,12,45,11,129,48,80,56,58,107,153,67,151,139,73,80,145,11,17,31,6,153,133,78,103,149,74,150,86,112,108,50,36,1,21,74,56,26,47,119,113,65,110,155,75,100,47,85,65,14,57,49,27,129,109
157,146,112,67,16,160,67,32,163,73,110,59,5,5,93,48,20,51,74,158,13,159,113,78,125,97,13,73,143,23,68,111,160,23,152,1,113,29,20,92,70,163,39,148,20,156,89,39,8,57,117,78,18,17,26,6,156,66,12,117,162,146,143,71,98,50,66,23,12,101,13,34,153,153,46,146,81,129,115,9,27,116,33,74,34,45,43,121,33,131,125,157,80,47,149,40,25,14,83,74
72,23,108,19,59,48,10,14,3,31,24,85,161,71,20,153,60,156,127,71,72,76,118,33,57,153,71,96,110,38,93,2,21,13,25,25,28,108,44,19,44,97,147,96,100,103,100,124,14,154,76,132,145,88,160,22,143,84,58,135,159,108,78,128,50,93,23,100,158,141,11,27,158,37,50,66,18,102,98,42,73,65,7,51,97,137,19,53,123,78,110,143,164,71,163,58,148,66,99,37
100,107,11,17,24,56,48,7,47,57,50,74,48,81,8,149,159,139,72,61,103,128,39,22,77,106,40,70,100,54,20,37,97,86,98,18,163,1,96,95,47,141,26,115,48,38,137,79,107,50,53,74,73,145,19,99,135,145,109,136,143,127,50,114,161,47,104,115,66,20,118,162,128,147,84,29,102,39,145,118,109,102,28,89,118,75,48,5,142,108,49,3,140,114,5,61,140,143,2,84
50,134,84,162,18,163,6,24,62,133,107,109,63,128,16,95,64,110,103,65,83,103,50,9,66,38,28,125,112,129,8,27,4,77,130,152,162,89,81,62,103,79,19,156,58,89,9,99,63,11,11,63,15,72,70,13,59,75,150,69,125,88,111,14,140,37,65,32,6,107,161,117,3,14,158,27,87,126,50,58,9,80,161,60,82,77,103,36,24,5,112,65,145,34,32,39,24,81,46,127
64,57,156,147,44,11,3,41,151,18,98,58,22,34,163,43,34,141,47,38,42,1,7,65,11,118,123,31,58,96,35,134,3,28,129,38,6,51,86,122,60,9,38,15,162,59,98,21,129,12,145,114,60,100,163,37,1,110,53,25,51,99,142,1,105,94,80,34,56,161,72,153,48,6,102,138,36,57,105,45,121,12,23,132,25,105,92,35,152,117,97,149,13,92,43,102,38,10,148,39
164,164,6,47,42,42,79,109,120,25,46,155,32,96,156,7,163,42,79,146,156,89,114,18,84,54,46,111,43,77,88,150,135,118,103,32,11,32,70,104,75,64,109,94,145,2,151,71,92,14,65,24,65,6,144,5,146,68,111,129,76,51,153,18,156,10,74,66,33,63,6,82,34,118,153,149,111,147,99,101,92,143,51,83,20,127,44,89,69,110,137,127,156,129,47,34,128,149,15,141
85,65,137,62,40,137,136,89,18,106,1,160,120,51,44,62,82,152,75,72,32,112,83,21,62,7,42,47,109,116,67,107,139,112,164,61,72,48,94,11,85,17,54,130,2,143,109,151,36,90,100,22,135,114,136,93,72,128,114,27,142,148,85,112,34,156,95,27,161,109,57,5,61,50,6,58,13,143,102,98,57,75,71,142,14,68,83,66,118,123,135,64,70,38,137,62,30,76,119,42
107,155,52,85,133,111,159,145,63,94,69,37,114,159,78,44,33,135,146,161,21,133,60,96,33,162,132,159,126,37,104,40,59,51,38,13,53,40,49,124,3,50,91,82,69,14,105,104,19,104,24,3,10,151,156,56,43,127,35,18,110,15,32,60,139,133,159,152,57,159,28,148,102,68,22,127,119,8,127,22,130,121,78,33,93,141,113,114,161,21,61,22,22,11,21,28,73,136,58,51
117,45,2,163,27,150,133,71,19,137,113,55,159,72,29,9,75,149,152,153,129,18,72,47,75,85,109,16,152,128,77,139,19,45,3,127,15,115,161,142,150,145,37,72,47,159,92,120,91,76,132,91,123,99,15,55,39,103,32,75,156,157,8,58,70,92,36,29,103,41,151,100,77,32,54,56,146,22,64,59,147,147,139,106,146,102,8,82,149,53,128,34,11,163,17,155,9,70,26,91
156,95,145,112,1,147,40,76,90,40,161,156,90,61,87,90,136,30,139,15,140,164,108,57,106,55,105,158,7,112,87,152,31,154,91,91,85,21,126,108,106,46,47,126,29,33,99,82,105,131,125,85,162,47,23,48,124,80,122,81,78,32,36,118,76,4,43,143,133,74,156,66,47,89,59,84,105,44,25,19,19,60,116,1,116,70,155,70,144,162,113,43,91,98,19,48,21,96,12,146
82,104,99,15,111,145,92,35,115,91,21,150,108,10,76,20,54,86,140,113,50,22,122,132,49,104,110,88,47,95,61,16,6,128,124,3,24,138,16,94,6,20,85,17,148,73,86,17,55,65,91,8,152,102,73,35,87,26,147,72,32,16,87,46,16,75,13,74,143,160,4,70,58,140,109,2,148,149,72,131,37,39,32,87,17,117,68,157,136,152,130,132,128,146,119,136,153,22,127,100
146,13,64,14,32,97,109,157,9,100,104,62,51,89,66,110,128,18,43,35,110,32,131,53,45,23,15,114,73,50,163,13,125,97,42,107,73,16,113,63,160,161,96,32,103,97,59,41,62,29,114,147,109,106,45,140,68,109,42,88,45,48,106,143,74,86,99,67,124,54,102,158,43,19,129,137,110,137,120,65,53,113,48,160,15,129,164,123,103,29,36,123,98,136,88,148,161,103,82,59
2,12,113,10,158,116,154,84,6,16,59,42,157,117,88,11,156,118,160,20,157,162,74,161,137,100,94,148,84,137,145,90,43,1,121,73,136,15,43,18,101,154,4,33,32,153,97,148,152,157,99,134,111,164,1,58,15,21,8,104,87,154,88,158,82,122,35,63,136,29,123,47,91,3,128,130,97,76,117,120,48,137,119,112,138,142,126,7,160,14,35,80,38,39,1,141,41,26,35,72
161,62,59,109,63,115,130,131,61,15,82,61,41,138,145,51,135,122,117,78,128,3,57,104,109,88,115,98,74,1,38,144,32,18,80,106,23,86,128,50,111,138,105,155,154,79,110,54,88,78,71,158,80,51,29,80,140,22,43,2,106,34,137,51,72,148,134,160,132,127,111,119,67,148,67,96,3,28,134,162,144,33,95,116,145,151,82,47,77,96,101,135,50,77,74,5,159,144,126,99
6,88,90,79,79,60,90,70,155,107,100,111,55,132,21,98,119,21,2,43,154,156,55,116,73,90,30,127,49,160,147,143,77,157,53,59,95,102,114,39,11,24,27,57,9,131,163,136,96,140,82,96,43,116,154,144,46,38,10,130,120,60,101,156,20,8,125,117,128,87,39,67,103,36,88,4,77,85,154,82,22,98,122,19,110,17,145,132,133,62,46,107,136,31,83,55,50,99,91,132
83,66,63,84,39,130,46,73,29,108,26,124,67,22,38,130,77,71,9,80,2,137,80,141,16,22,141,121,42,157,51,135,37,139,119,37,49,49,57,81,122,152,30,103,80,44,35,126,143,13,88,66,33,128,88,129,6,98,97,142,17,98,75,132,124,58,147,13,48,37,36,20,159,111,73,13,54,145,47,124,33,162,142,17,39,3,89,150,72,32,102,128,3,155,111,31,102,80,61,153
152,6,8,156,152,82,65,96,50,115,47,122,47,88,56,31,107,74,157,159,95,115,31,8,132,5,133,13,93,41,14,91,12,67,35,163,159,35,28,156,88,43,110,154,128,108,106,26,142,25,18,103,93,69,78,24,41,159,115,93,8,43,158,24,65,105,117,103,10,164,15,36,7,79,92,88,137,110,68,102,69,72,60,50,90,56,90,73,74,143,89,36,137,46,37,6,144,18,85,32
84,71,51,55,33,138,20,11,105,8,28,80,54,14,33,101,46,121,63,59,59,105,64,39,90,73,76,106,105,136,80,59,72,115,70,122,115,157,144,44,50,158,141,93,70,68,125,16,53,47,138,94,26,161,34,102,34,88,72,12,124,161,33,40,114,71,111,118,9,73,17,138,18,56,43,24,141,136,91,10,125,63,153,64,78,20,158,86,60,115,77,82,45,6,33,24,11,31,133,68
143,106,25,120,104,126,141,150,51,148,13,132,151,65,127,58,109,54,81,79,9,59,36,6,99,12,159,162,70,24,33,101,161,31,117,40,114,77,18,5,55,160,18,112,144,107,45,89,48,117,98,141,16,127,99,18,33,99,69,92,2,105,65,147,147,106,149,154,116,4,99,129,104,130,16,106,129,35,37,89,7,134,61,154,140,101,116,63,6,27,73,49,110,14,106,46,47,89,121,54
118,31,14,12,89,161,163,160,143,71,51,32,110,45,98,75,9,130,68,44,96,104,75,35,138,40,157,161,14,75,53,92,108,164,68,34,71,78,63,80,131,106,136,26,36,121,79,134,86,139,63,32,136,140,159,155,9,148,20,1,7,3,41,30,135,30,115,61,96,1,92,6,39,11,60,132,139,26,22,77,82,122,130,53,74,109,28,109,32,145,149,101,153,134,71,42,85,109,93,130
115,141,71,33,56,117,66,37,94,90,72,16,147,106,73,151,94,14,57,111,67,148,100,115,32,160,140,86,148,39,64,159,46,125,148,86,103,145,25,129,164,38,51,128,73,18,159,155,13,6,80,151,124,117,139,77,91,70,68,127,148,95,155,56,19,20,145,17,112,99,163,31,136,76,18,44,56,148,124,97,91,34,101,155,55,118,157,111,61,6,134,104,95,60,138,120,61,7,39,48
22,25,54,142,22,114,41,59,28,54,49,11,156,55,150,111,74,148,128,149,14,130,130,146,71,102,55,123,91,3,114,115,48,7,157,54,151,148,111,161,23,71,156,99,147,37,1,9,72,73,156,49,144,132,3,148,20,161,113,133,113,78,39,117,4,32,4,57,125,113,122,79,87,164,72,131,75,140,42,47,160,78,131,4,32,116,16,79,101,118,53,60,155,118,139,13,164,117,62,21
142,64,101,105,132,19,125,38,56,120,68,73,25,116,64,112,80,116,144,13,107,153,11,108,39,71,32,133,48,66,111,123,78,6,153,2,69,144,37,115,69,101,153,158,83,22,57,78,64,135,96,149,61,66,40,17,64,53,143,128,109,143,71,152,134,41,133,18,60,163,140,108,6,158,136,17,71,162,29,46,5,119,30,152,69,66,10,90,94,154,37,26,125,158,57,3,133,95,19,121
112,131,12,39,64,58,16,114,96,37,123,98,20,125,77,10,7,111,61,137,147,29,116,93,117,50,48,36,75,60,47,61,126,76,138,93,64,130,98,138,104,34,20,91,104,87,30,160,81,69,163,164,98,3,51,54,130,82,90,43,122,4,46,35,14,55,110,51,21,118,45,106,75,102,124,20,41,97,40,107,123,157,59,39,65,10,144,138,145,81,127,1,55,104,76,135,29,42,10,113
55,84,41,95,23,144,33,100,119,20,127,6,79,87,125,160,40,53,51,129,54,25,128,66,161,66,89,10,25,40,125,17,149,43,8,144,29,12,127,84,117,162,113,52,93,93,145,98,85,96,58,102,79,27,10,73,3,17,79,80,151,42,70,32,137,51,93,38,68,125,108,24,147,115,160,126,59,142,80,106,120,38,54,137,113,147,150,64,115,158,133,99,150,138,113,94,79,41,50,120
37,122,95,141,129,146,117,45,15,30,147,48,74,90,148,105,78,146,153,76,122,144,21,58,8,3,41,35,80,13,79,44,10,142,41,78,17,62,69,9,76,82,78,67,140,24,112,56,44,63,86,67,84,5,98,145,80,14,60,84,27,104,145,53,54,83,101,20,42,50,93,155,132,41,121,101,142,152,161,86,103,26,138,18,50,158,31,133,124,86,7,137,112,37,7,95,95,134,70,78
11,4,74,115,146,123,25,92,38,79,48,88,62,120,154,146,13,69,133,37,48,11,77,20,26,116,51,164,151,132,124,110,88,96,20,145,58,58,74,152,58,44,53,164,153,81,53,150,150,8,32,92,66,136,102,45,132,143,57,53,38,123,118,83,146,79,103,10,98,90,126,42,13,113,8,31,131,164,123,67,132,37,88,136,89,39,11,72,20,37,90,76,46,123,151,74,70,60,43,125
104,37,122,97,13,99,146,115,77,26,101,125,113,7,152,136,120,7,109,54,137,66,71,101,51,144,84,11,132,71,71,45,11,153,13,12,59,14,155,163,21,56,149,90,123,90,51,125,18,1,44,105,36,120,149,156,24,47,134,15,133,38,29,47,53,46,151,25,38,140,74,64,83,40,39,64,1,38,45,41,14,52,154,111,122,28,131,1,17,12,81,83,121,81,67,144,134,49,107,24
23,113,119,113,30,119,60,49,54,12,30,12,3,145,113,121,53,105,41,110,56,106,26,30,130,41,152,12,66,117,73,132,147,155,77,116,110,70,68,20,118,113,89,121,137,100,158,119,27,114,64,97,140,147,49,78,48,25,124,163,48,29,96,77,130,160,90,31,49,106,117,72,144,156,29,98,64,103,151,116,32,69,91,96,80,5,81,143,100,91,48,23,41,54,155,36,145,111,20,124
13,99,5,29,54,80,30,88,33,32,60,101,153,63,119,131,16,153,156,91,15,54,38,3,91,126,56,141,50,59,60,68,159,147,58,22,118,129,36,125,52,118,150,106,23,15,75,4,153,54,116,56,151,15,140,11,164,36,78,102,50,149,5,149,48,43,78,69,97,33,130,68,76,47,164,110,89,133,90,134,26,16,36,101,162,143,39,9,37,138,88,33,94,58,10,85,111,86,4,31
105,92,67,28,25,98,9,146,156,7,17,84,72,127,52,113,51,144,88,30,17,92,73,2,83,42,73,40,154,133,161,133,30,122,81,27,2,98,85,14,102,45,159,134,157,10,142,75,47,94,23,13,82,34,17,70,118,39,110,5,96,137,121,130,158,113,85,150,127,3,49,107,97,99,103,59,39,29,143,51,54,27,114,97,23,18,25,136,78,8,79,112,67,147,45,66,52,55,106,76
53,79,16,38,82,12,106,39,101,134,15,87,73,80,110,56,141,2,120,92,105,125,154,142,29,111,130,100,33,98,138,130,127,29,63,92,1,9,77,143,142,87,69,60,50,13,115,6,102,125,38,162,160,30,43,157,131,30,22,85,134,52,38,101,25,34,57,28,1,39,2,54,118,97,33,40,104,90,138,150,29,79,81,48,63,55,24,162,73,24,22,96,139,41,38,64,156,110,76,34
79,144,133,30,5,9,77,111,78,105,144,31,116,48,86,35,44,145,13,130,7,101,162,10,19,94,117,71,62,79,26,76,76,3,11,147,144,11,133,8,141,5,34,3,129,29,52,2,25,122,103,83,122,80,106,146,42,73,66,23,39,94,82,8,119,162,83,65,157,48,26,51,71,12,83,107,65,5,159,135,143,129,147,126,106,90,78,142,35,134,16,8,162,7,8,91,45,126,134,112
29,137,107,78,15,44,149,68,67,154,133,1,28,28,63,46,113,142,130,144,141,140,19,41,79,21,144,26,77,125,162,136,146,98,111,138,123,60,46,28,16,53,95,55,63,110,133,114,128,150,154,77,117,23,89,111,30,157,91,67,54,84,124,70,142,66,26,120,87,147,110,136,108,49,74,49,108,123,126,69,50,28,145,161,128,76,161,128,28,71,58,119,133,13,25,146,110,157,45,107
162,76,57,150,153,17,96,16,84,164,124,68,128,1,153,152,123,40,119,123,44,86,2,109,50,43,139,124,116,145,46,148,5,156,14,139,7,23,108,85,71,25,87,40,53,17,102,91,147,115,78,59,29,50,92,112,82,29,19,74,88,63,45,42,120,80,56,85,146,105,62,8,119,85,91,26,135,93,66,79,68,117,128,102,143,61,14,119,53,94,9,110,26,3,29,30,129,113,9,16
122,77,28,36,69,47,7,99,70,14,2,47,163,36,23,134,148,62,147,8,118,127,147,29,139,134,43,32,115,122,116,87,156,158,114,16,32,128,84,83,63,15,164,66,5,105,121,100,5,107,87,4,86,33,120,143,7,27,63,56,103,18,51,66,3,9,68,132,40,69,147,94,93,124,140,6,152,3,26,27,66,101,93,56,54,160,100,50,86,36,24,142,142,107,140,152,57,108,75,5
63,102,93,18,88,50,63,54,112,34,18,114,15,39,138,32,112,34,82,142,148,160,12,162,78,109,145,99,121,82,123,85,90,117,52,28,63,39,78,46,15,110,152,44,62,152,13,19,93,32,75,35,125,94,83,142,157,9,154,38,145,159,151,22,32,98,79,5,139,157,53,115,105,129,20,120,62,15,23,8,78,2,97,57,70,27,60,160,22,106,159,78,96,22,105,128,84,54,144,87
9,163,73,131,52,158,32,137,7,160,67,162,87,47,121,1,115,33,38,51,142,24,157,137,35,56,162,28,141,26,86,22,68,32,27,4,112,50,52,128,147,117,138,75,109,49,114,123,12,134,77,9,63,56,25,113,81,135,92,19,136,152,119,142,62,157,15,71,126,96,152,111,33,122,122,19,91,12,21,125,6,10,27,134,35,132,42,84,95,135,51,16,100,157,55,96,8,38,38,161
47,116,143,88,136,95,97,133,45,36,148,81,136,92,60,127,68,66,31,40,3,46,141,24,15,137,59,134,129,138,153,64,38,140,105,74,93,4,50,60,54,58,131,36,22,78,64,24,26,85,112,163,150,101,55,40,95,124,131,120,140,72,34,109,138,82,138,11,81,110,24,2,30,24,146,55,73,99,11,152,136,7,86,159,18,47,1,39,4,140,132,12,157,137,12,138,78,158,154,164
44,53,106,72,150,30,83,47,88,114,5,123,97,3,79,93,66,123,19,28,115,84,27,160,56,93,27,67,52,30,48,21,110,114,97,57,8,30,17,107,140,143,81,12,49,63,23,63,58,42,14,125,129,155,22,118,14,32,86,31,43,67,144,131,131,149,132,104,47,89,145,10,52,78,151,112,100,96,141,84,18,105,89,123,46,115,119,23,14,157,31,68,74,115,65,44,58,151,28,12
135,111,30,51,92,106,155,153,44,1,152,52,118,50,112,114,43,10,141,31,26,94,17,27,158,28,137,46,103,52,50,154,114,81,144,137,98,80,58,71,151,69,86,142,115,12,26,122,73,100,149,36,8,157,93,74,51,46,83,48,163,139,128,21,129,17,107,131,37,135,142,57,89,84,150,118,17,92,59,96,43,53,143,38,52,26,29,141,126,11,56,150,68,154,64,150,141,138,145,15
88,90,43,152,148,71,76,143,13,51,42,118,162,29,141,3,67,96,90,67,49,134,90,13,28,8,23,139,15,49,78,156,121,126,44,120,75,127,22,73,134,40,94,132,158,118,82,66,140,59,45,159,64,152,4,122,26,78,141,159,1,118,92,98,101,97,69,134,72,12,155,4,51,64,14,158,127,163,162,48,80,18,127,9,5,8,52,46,30,151,71,45,6,89,112,132,42,79,29,149
71,85,49,128,26,94,34,136,116,82,10,91,27,107,135,89,106,163,121,148,37,138,163,157,94,149,95,110,127,139,140,89,25,19,24,148,47,2,137,89,2,126,155,41,64,128,122,130,158,120,127,19,42,144,48,47,151,112,48,131,108,77,3,68,109,146,126,94,90,9,95,154,8,2,114,142,95,65,38,113,100,24,162,113,129,100,154,22,110,159,145,103,4,99,70,37,2,43,159,143
41,24,9,61,80,135,143,80,27,84,37,46,11,162,139,128,102,108,91,68,34,23,9,111,155,161,107,76,69,149,70,74,50,116,61,104,5,143,119,4,43,21,108,108,119,86,37,27,90,41,34,117,68,16,100,92,2,150,88,105,107,26,66,108,40,150,164,6,156,27,101,91,59,108,66,103,30,105,36,38,105,139,63,41,61,140,88,34,41,46,69,57,93,42,49,140,158,133,96,25
21,87,120,6,98,92,147,52,91,136,90,44,99,83,147,137,24,128,85,135,93,107,87,14,41,163,96,95,21,46,4,50,104,91,33,65,56,164,41,136,13,75,162,47,155,41,43,38,136,30,110,76,104,82,35,91,61,86,30,139,137,163,60,87,127,103,102,36,58,98,78,133,141,98,41,86,98,88,130,43,84,8,39,63,104,157,5,10,106,104,74,91,86,113,26,83,71,44,101,137
19,9,39,155,6,127,107,134,80,29,81,134,89,46,80,42,150,81,21,95,20,34,68,49,115,112,19,163,30,73,41,60,115,83,48,108,102,64,83,98,14,27,148,7,134,80,120,141,77,137,105,95,11,44,108,57,18,24,118,41,93,120,19,16,35,12,152,30,155,130,14,122,9,155,148,50,10,154,76,115,126,51,47,37,154,82,123,44,7,102,72,11,2,106,143,75,44,164,53,110
144,153,141,82,20,62,101,30,40,145,142,152,46,108,133,91,92,29,28,52,108,80,35,15,18,6,62,62,161,29,2,81,52,48,118,125,164,123,29,53,100,77,163,64,160,50,8,49,7,127,128,115,30,41,127,131,116,37,157,125,69,111,10,164,111,154,52,60,118,61,115,11,152,134,163,157,112,51,28,163,107,35,41,55,133,146,74,134,54,93,94,93,82,35,120,27,132,35,90,82
89,117,114,20,9,155,47,31,164,58,76,60,164,97,142,68,59,6,46,5,102,57,137,105,164,75,10,49,10,43,148,117,144,85,90,162,42,156,153,3,120,84,139,35,26,119,70,32,89,49,66,25,128,107,59,39,102,51,142,164,25,153,148,10,128,141,14,8,15,22,7,130,112,54,133,43,51,4,8,32,58,13,13,138,92,96,143,115,19,144,39,29,87,124,22,25,39,74,74,20
93,148,164,69,36,28,75,36,39,95,6,26,58,163,51,108,19,5,102,115,152,72,61,143,27,120,150,143,124,48,134,163,163,163,162,60,52,53,56,90,32,12,8,19,71,164,103,61,41,15,41,136,155,135,32,117,44,115,59,71,89,54,43,160,49,142,97,146,19,123,19,15,117,21,7,125,9,42,107,13,114,140,140,129,99,107,2,21,87,26,148,55,146,69,24,159,103,25,80,23
134,123,163,161,145,24,15,5,21,24,86,9,107,124,95,122,12,55,14,83,86,79,30,74,25,127,64,105,40,161,155,71,105,52,106,124,55,87,21,10,153,164,107,116,156,1,149,128,125,20,84,139,95,124,11,53,62,101,93,46,97,124,125,91,24,85,148,92,35,17,89,53,85,4,40,136,133,55,27,114,11,154,19,141,56,152,46,155,75,66,1,95,118,160,133,161,77,29,24,142
80,47,24,130,114,108,1,139,2,11,99,130,131,60,53,12,110,4,55,90,45,69,49,156,134,115,5,153,92,126,89,140,118,104,15,130,82,74,160,1,66,73,57,49,122,157,141,46,10,84,4,51,101,59,81,128,111,20,160,140,154,70,26,107,30,67,70,9,53,131,135,49,163,126,36,75,2,156,12,23,46,123,77,107,9,6,62,156,125,112,99,51,7,26,9,126,105,140,67,129
