107,49,46,109,62,50,2,56,48,39,92,52,86,39,113,105,94,91,46,113,13,114,25,25,61,64,99,23,16,90,68,38,44,43,73,80,115,79,48,76,99,46,27,111,103,53,85,27,56,26,98,68,48,25,72,28,19,114,96,50,45,85,74,89,61,61,80,85,55,60,15,81,51,79,25,1,95,105,83,57,16,60,24,109,44,67,110,77,52,62,35,53,13,33,73,55,58,22,13,80
95,25,27,68,80,39,84,120,6,90,37,64,10,5,56,107,105,120,15,117,21,66,9,46,43,110,104,44,96,93,46,116,83,108,69,113,15,45,107,101,72,91,68,108,100,65,62,84,55,112,94,96,31,93,13,101,32,27,109,38,56,65,51,53,35,24,118,36,6,88,16,43,99,118,22,107,94,9,22,51,54,99,21,116,68,15,50,90,99,77,42,86,4,116,57,90,109,5,57,76
9,113,119,36,53,79,31,73,27,82,32,85,59,42,25,76,28,31,30,51,79,104,91,88,115,45,48,114,65,108,101,92,98,15,12,34,83,49,81,84,85,21,109,86,63,75,101,25,95,20,107,33,8,74,97,63,94,15,16,68,29,118,9,114,115,16,27,88,107,13,115,92,119,59,17,59,37,92,49,14,107,11,46,12,46,76,119,108,80,95,109,63,89,89,22,2,7,12,59,97
19,103,83,85,101,63,110,77,30,109,59,28,28,44,15,10,109,113,78,33,18,5,84,96,113,49,109,89,7,79,61,30,77,81,115,118,39,50,116,102,79,23,93,90,51,28,34,101,58,109,103,2,45,38,92,19,112,50,1,26,27,26,80,116,104,81,102,91,23,41,50,5,115,37,38,81,73,31,68,25,72,17,50,21,62,38,69,95,48,32,119,4,116,27,36,26,43,120,81,31
13,54,108,120,74,86,86,55,97,36,3,45,63,57,78,48,22,51,94,73,88,55,3,114,12,16,34,51,72,42,45,48,73,69,75,60,36,25,74,69,118,22,111,43,25,9,113,65,5,14,111,120,10,67,9,92,4,24,46,12,104,29,28,106,12,40,91,61,43,91,74,84,34,91,87,100,27,27,36,76,68,53,47,84,94,100,38,113,8,76,12,66,74,61,112,58,57,45,85,85
3,119,38,66,57,111,25,79,80,13,22,74,90,103,85,60,1,21,47,15,83,64,2,103,70,114,8,52,31,109,67,27,80,49,10,89,58,80,56,20,8,41,115,100,72,60,106,120,75,49,87,24,101,73,115,51,65,36,55,57,55,66,113,79,93,42,40,37,65,2,52,89,72,62,103,26,38,45,26,77,118,4,112,66,89,31,3,75,93,105,37,8,37,66,50,116,104,67,100,28
67,66,77,119,73,72,17,105,119,80,95,46,50,84,4,16,58,90,7,71,35,13,40,109,14,75,37,57,51,31,87,36,82,104,48,63,37,114,55,18,117,33,117,44,22,103,39,51,3,103,11,27,33,46,60,105,107,55,112,119,9,81,42,16,116,111,59,103,20,12,65,27,36,27,59,79,69,74,79,36,82,78,4,8,110,43,95,62,53,56,79,55,54,68,12,62,18,102,67,56
101,30,117,76,81,35,41,6,62,106,97,7,8,30,75,95,27,80,3,78,108,102,97,51,117,82,41,92,87,51,49,10,40,107,83,25,17,51,31,110,95,104,104,110,29,115,24,93,93,8,52,62,106,111,27,42,71,99,38,2,54,37,88,15,66,63,111,106,22,29,8,79,111,35,9,89,118,30,81,78,94,94,5,30,103,70,32,107,104,29,66,43,86,111,54,24,101,81,94,27
65,100,78,102,40,16,60,43,7,57,111,88,14,2,23,4,70,16,108,66,117,103,12,68,59,27,108,71,13,20,52,7,84,64,3,108,94,84,28,48,21,118,22,60,19,70,31,48,66,40,50,6,63,20,41,82,111,107,54,40,86,97,84,59,56,65,53,1,91,40,60,4,82,85,75,41,53,82,82,98,106,75,41,51,25,120,29,26,40,41,6,89,64,117,95,56,74,19,37,29
94,50,59,97,6,67,104,39,91,3,23,116,20,102,54,29,119,62,50,48,97,112,58,45,86,21,67,115,79,40,83,117,20,47,40,58,61,110,2,41,108,15,15,32,28,50,89,81,107,37,40,58,41,96,90,22,69,98,40,72,33,8,105,32,17,95,50,39,105,44,97,54,2,41,15,70,41,35,110,29,50,89,94,86,27,24,102,94,112,31,97,77,114,30,63,89,12,87,106,102
32,111,114,78,96,7,47,116,57,65,93,56,120,10,82,99,114,74,85,109,72,61,70,80,67,80,81,107,76,8,116,40,1,80,41,27,68,112,52,113,88,8,62,13,89,47,68,114,85,32,82,29,72,108,8,97,31,19,85,83,90,3,81,3,65,38,56,52,92,79,9,53,101,109,91,60,113,97,30,69,58,42,104,1,120,59,60,59,95,106,76,93,104,71,47,98,73,73,68,46
115,76,104,28,17,29,102,14,23,100,119,99,29,51,14,86,61,36,73,64,49,30,46,101,110,7,16,94,106,50,10,53,96,44,5,28,47,60,42,105,9,3,3,83,26,76,38,34,101,72,32,90,80,112,34,32,68,56,80,14,106,54,107,84,38,48,76,75,18,111,2,30,56,80,6,25,93,100,87,4,96,24,108,29,13,92,1,116,25,18,106,58,117,17,97,20,14,7,36,115
39,96,94,95,15,89,90,50,108,7,91,98,76,98,102,106,38,104,70,56,70,17,115,18,94,5,116,67,86,7,75,52,108,4,38,15,38,70,87,27,66,14,41,11,95,11,41,20,43,83,17,73,71,91,105,6,30,16,115,44,60,98,98,38,95,118,105,116,40,77,100,73,39,106,86,33,83,84,44,24,44,65,62,47,96,107,74,43,38,70,108,83,31,6,87,11,34,110,104,89
103,23,42,105,28,66,55,19,49,104,103,108,104,79,74,20,93,32,120,87,104,52,15,60,1,23,17,118,28,98,110,83,109,41,27,85,93,37,98,60,35,42,4,70,49,59,8,75,20,84,47,71,34,48,69,104,50,101,77,4,57,16,49,107,16,98,79,76,61,32,68,88,42,24,88,69,39,104,11,17,36,16,95,120,63,23,48,6,101,27,16,113,61,115,111,33,16,36,102,6
44,85,28,87,78,106,18,25,31,35,16,19,21,60,60,101,87,22,67,93,109,4,28,118,78,119,35,36,24,68,7,120,71,51,95,8,49,78,119,96,103,82,34,71,83,42,74,106,53,75,14,100,81,43,55,21,77,23,64,110,63,73,30,61,4,41,113,113,28,96,82,97,65,39,34,55,34,20,74,104,99,38,82,67,66,80,4,100,27,58,78,15,69,81,27,39,61,114,48,22
113,82,60,108,51,107,105,5,107,33,80,31,67,115,58,46,117,53,75,100,112,6,61,3,53,10,32,17,54,52,97,21,54,33,93,31,2,83,111,89,43,47,11,115,120,109,100,47,79,7,44,40,83,65,64,55,92,77,42,25,116,17,34,45,14,116,112,98,57,1,72,29,77,74,47,116,26,102,58,7,17,30,14,80,104,52,31,103,63,96,86,107,99,104,29,72,72,80,39,84
14,69,111,90,48,45,78,20,84,11,104,29,27,45,104,42,104,58,87,63,54,15,89,61,81,6,15,12,58,92,20,70,64,87,89,38,46,95,17,71,28,102,83,39,3,57,57,88,35,43,62,31,11,47,40,60,60,100,105,103,76,24,104,82,91,66,4,55,102,57,28,116,41,120,20,62,79,120,67,32,12,83,117,87,74,3,82,20,75,116,118,98,26,69,80,29,82,115,58,88
62,118,93,92,13,115,114,74,37,116,116,18,64,111,39,56,48,19,22,57,105,95,103,71,22,15,112,32,68,97,70,64,36,50,16,71,70,28,85,17,23,4,86,20,20,45,77,29,2,77,43,8,94,37,91,70,117,87,104,11,40,87,53,80,18,109,31,109,103,14,5,108,108,69,115,28,99,71,48,93,61,62,114,45,45,27,17,118,91,16,69,87,59,97,108,78,107,20,25,71
58,91,45,104,61,114,120,66,98,17,53,48,79,101,20,65,36,72,55,95,86,81,33,30,96,81,96,29,35,4,79,17,23,1,14,36,85,88,76,36,81,20,81,72,14,33,7,23,41,1,106,9,1,17,59,38,74,34,108,102,87,89,71,4,87,32,114,46,9,85,44,9,93,1,2,112,105,53,29,22,18,111,115,107,2,109,18,38,9,109,49,97,19,46,106,109,79,106,108,41
37,80,56,17,34,13,100,106,65,72,45,50,92,90,55,81,99,78,36,119,6,49,27,57,119,106,10,91,119,72,89,60,76,11,24,87,6,85,61,92,17,40,12,2,111,84,61,62,6,21,66,28,55,50,82,94,90,6,9,78,101,33,60,52,33,78,44,72,94,66,113,80,102,94,102,54,116,115,54,27,32,26,61,14,88,49,65,114,43,39,74,40,84,50,28,120,118,116,89,18
77,116,33,57,31,69,54,4,99,105,86,112,60,46,46,83,44,56,111,12,95,41,43,44,18,118,85,33,117,106,4,56,92,105,56,26,109,48,51,32,71,30,80,68,40,113,92,100,51,59,88,55,90,95,63,61,41,82,103,6,113,10,22,68,2,18,7,32,88,110,91,117,38,2,98,9,5,110,102,115,69,93,88,50,101,48,53,119,30,46,27,32,45,78,14,19,27,72,29,82
21,79,2,5,18,18,94,76,14,79,42,69,6,25,52,30,9,29,62,1,100,63,102,107,62,53,83,24,113,5,1,80,85,9,34,104,14,33,90,98,80,27,96,6,73,24,22,44,1,28,58,52,44,118,21,102,16,28,88,55,98,2,20,87,70,17,47,67,35,18,56,105,17,113,21,32,86,67,27,56,22,115,57,97,61,20,2,45,15,23,19,76,25,14,45,104,41,74,98,72
93,105,35,56,43,54,64,91,12,37,79,27,101,18,63,110,51,40,65,59,29,1,94,95,95,61,92,63,61,76,27,114,46,53,49,33,101,73,26,85,25,64,77,66,18,43,94,9,11,106,24,102,37,68,68,66,81,103,72,100,17,50,117,83,108,84,12,14,93,9,70,107,103,83,77,106,9,107,52,95,114,102,113,58,6,98,7,50,33,33,22,78,109,54,105,108,32,51,33,15
45,33,36,38,93,14,13,58,13,71,56,40,107,41,22,58,37,46,51,54,9,58,13,97,56,26,53,46,36,13,64,107,7,22,87,99,4,109,35,29,101,69,113,99,65,4,12,118,22,94,1,11,66,18,74,14,54,4,60,120,67,71,97,76,117,112,17,81,78,5,27,56,64,21,93,47,76,64,109,6,113,97,106,44,67,30,34,52,41,48,29,41,63,35,100,45,46,60,87,113
7,38,113,65,1,91,95,27,59,94,21,14,103,29,26,27,84,35,118,85,45,65,83,70,100,70,76,25,104,107,50,87,28,37,7,119,28,116,117,34,6,10,23,9,109,19,52,73,42,114,55,98,22,64,15,50,35,43,57,3,88,40,89,77,73,75,46,34,15,73,58,85,112,55,81,61,40,101,91,15,97,105,25,101,114,64,103,10,34,38,87,64,8,76,104,119,13,34,118,13
15,47,17,3,92,55,111,7,96,108,12,111,115,71,73,71,85,105,92,27,119,12,16,32,37,17,63,64,109,96,53,104,29,76,78,2,3,92,80,26,86,24,89,17,11,95,118,77,48,51,56,112,64,102,36,110,93,37,89,92,23,114,52,30,10,93,93,119,106,87,103,90,28,7,43,56,115,112,23,11,116,90,84,11,30,93,58,111,57,43,7,65,23,36,64,42,1,9,34,2
28,56,88,54,50,113,26,26,110,4,89,63,1,21,111,73,35,9,37,99,87,3,72,1,98,29,39,43,74,75,71,24,102,38,85,20,27,105,53,79,2,12,6,98,93,101,84,64,92,117,2,91,6,3,65,108,89,69,110,16,80,55,27,34,77,104,36,25,85,25,55,51,100,103,70,10,23,68,72,107,63,61,98,111,112,41,55,98,78,80,82,110,3,45,13,99,63,18,47,65
12,98,32,1,2,94,61,8,85,97,17,113,49,48,110,97,100,71,59,9,28,20,106,115,51,84,27,28,108,30,11,106,75,62,107,10,19,62,113,90,4,72,85,35,71,2,9,35,33,70,5,89,87,87,89,58,88,5,70,13,36,61,63,92,23,67,85,41,113,115,75,82,76,49,57,17,80,36,95,84,80,118,67,23,55,46,47,63,4,17,41,31,57,31,117,67,8,28,70,14
76,86,23,7,82,81,66,109,82,34,38,84,45,54,38,13,11,117,10,44,50,8,8,78,65,11,73,20,93,56,115,81,51,109,26,77,92,53,10,5,53,44,44,33,38,44,42,38,17,12,90,23,9,94,114,40,29,60,100,30,68,58,46,113,40,50,3,21,2,62,53,101,120,34,63,111,47,32,50,92,5,7,10,114,52,104,87,54,44,72,73,94,60,34,17,6,48,61,46,33
97,41,1,99,29,104,91,52,21,107,57,82,105,7,117,41,76,68,66,88,1,86,37,34,76,120,80,109,43,85,84,4,47,30,110,112,107,1,54,80,90,18,102,56,77,40,104,2,86,68,104,56,114,90,58,113,5,29,66,35,42,120,112,103,64,8,11,29,72,6,57,87,117,32,10,92,100,76,65,50,102,23,22,20,77,108,30,33,82,10,4,119,49,49,11,18,78,29,109,91
83,46,116,70,116,120,73,49,70,24,71,106,53,119,18,104,80,99,64,116,7,117,53,42,11,67,72,112,30,29,72,119,115,67,90,73,91,46,30,74,110,36,37,74,56,15,80,98,31,98,23,44,93,97,52,25,59,73,29,41,18,39,99,49,102,80,101,102,89,82,102,7,89,107,41,13,64,23,80,116,108,57,78,24,106,7,37,14,87,13,17,101,94,114,90,69,45,41,74,120
38,78,25,29,21,74,36,95,113,115,29,78,17,86,98,103,42,98,14,6,85,35,7,50,91,31,117,35,52,69,34,31,39,28,119,21,113,100,4,87,16,120,120,63,9,21,54,17,47,64,95,83,69,92,24,9,46,41,90,76,66,94,86,63,36,49,24,64,98,100,112,102,66,44,24,29,84,22,73,109,78,98,93,3,82,114,20,87,32,111,47,28,11,75,82,114,86,46,52,118
5,101,72,55,11,100,37,53,38,86,65,81,81,59,105,64,4,7,99,76,71,101,65,91,20,42,28,103,75,81,39,20,50,14,77,70,103,76,32,115,68,73,76,29,87,93,98,110,8,105,20,80,12,35,12,46,82,13,119,59,93,76,75,36,27,62,120,60,119,55,49,65,10,81,76,85,107,24,112,23,47,50,75,56,85,87,77,82,68,99,111,25,2,37,119,70,39,70,41,42
16,84,98,96,120,90,40,29,66,16,110,42,57,105,41,79,112,77,34,65,91,80,31,64,114,92,6,108,10,1,92,99,56,46,39,76,116,111,68,22,14,75,29,50,69,99,78,115,52,120,108,78,57,5,98,74,76,45,94,42,95,32,26,69,119,53,74,107,69,107,88,95,33,108,112,15,61,62,41,101,73,79,120,4,109,25,108,23,18,92,98,5,71,63,52,9,44,56,50,103
36,70,50,43,69,6,43,31,32,45,109,59,118,68,89,87,74,39,63,4,23,45,14,15,72,14,93,16,120,27,59,95,16,52,63,67,31,52,9,8,109,58,92,5,10,111,66,54,73,34,110,32,102,117,112,116,52,14,5,87,53,77,87,118,5,14,32,101,47,19,116,63,27,12,89,78,74,79,34,1,95,64,99,34,31,102,35,36,108,59,75,91,28,23,107,113,3,118,31,94
119,73,92,2,98,103,82,51,52,18,34,77,116,109,76,82,18,10,109,5,47,56,98,52,58,115,30,58,1,103,66,42,111,102,68,93,20,108,101,91,50,43,65,30,53,49,82,105,106,93,83,34,53,8,29,84,78,59,4,111,96,109,43,95,15,9,87,82,96,16,85,13,52,22,85,90,20,109,43,37,15,51,72,95,22,28,36,72,84,12,91,46,42,8,37,37,69,63,51,107
63,45,61,73,60,99,57,81,63,63,76,60,55,85,28,84,111,49,44,34,63,32,57,12,93,1,40,117,25,86,31,72,3,100,8,43,67,44,110,39,44,81,51,64,90,5,108,13,70,17,37,59,40,116,120,91,61,7,41,22,103,70,85,119,110,51,2,57,8,30,80,16,15,86,73,52,111,49,35,102,66,48,15,119,18,65,54,47,61,9,2,42,92,60,86,31,15,35,54,69
61,114,69,41,23,10,34,46,22,61,39,6,61,62,90,5,115,41,113,105,80,26,107,48,88,38,66,50,107,19,36,44,65,116,54,4,81,87,21,118,82,70,78,107,74,74,16,102,74,92,75,82,19,23,117,39,45,12,82,39,89,12,41,10,30,45,38,69,109,26,39,111,92,64,33,75,92,72,32,43,10,92,12,113,116,62,100,88,55,100,56,69,81,105,83,10,88,21,38,67
24,81,76,12,39,68,75,113,105,54,24,1,102,81,7,61,79,82,61,16,64,70,45,65,47,98,89,87,83,33,103,88,11,103,22,105,75,119,8,77,49,89,108,19,47,61,46,99,14,88,49,5,60,58,23,76,12,35,7,99,43,15,76,67,72,11,116,24,29,22,64,23,109,53,114,39,97,66,119,63,56,34,103,102,99,69,107,66,14,67,25,59,82,5,84,77,4,11,43,81
92,17,20,21,24,110,71,108,28,31,46,86,106,49,116,94,29,75,88,97,37,78,105,23,64,100,120,5,33,116,81,115,41,58,96,50,7,18,36,51,54,52,25,58,48,20,28,66,38,115,59,25,86,114,81,37,37,110,34,77,24,117,102,26,89,103,115,118,120,75,25,74,78,9,58,119,65,99,78,118,30,36,116,99,47,91,13,39,54,51,113,60,79,42,81,17,81,38,7,63
60,48,103,42,111,116,5,33,26,25,112,110,44,37,43,17,107,94,79,43,68,105,75,24,97,43,110,39,23,26,57,118,117,89,11,114,84,39,27,56,102,67,99,88,70,96,21,14,78,6,114,81,51,99,113,4,62,120,83,63,3,48,12,46,42,36,66,16,32,81,14,110,8,33,67,115,82,6,55,82,67,91,34,64,41,110,8,73,118,93,110,109,107,7,7,91,36,32,30,90
87,61,63,60,68,20,101,2,81,20,113,62,24,38,80,91,49,52,60,79,93,34,114,98,87,3,7,105,21,114,24,3,9,25,102,6,44,35,64,68,112,31,84,61,75,85,17,57,32,52,102,37,110,83,16,107,58,81,19,10,50,31,62,101,75,114,51,30,11,3,40,70,106,52,92,19,49,69,51,99,81,21,49,36,15,66,71,8,107,89,83,79,10,85,67,27,6,33,24,61
23,11,19,52,25,3,56,90,88,74,83,107,26,96,49,44,54,50,6,45,2,18,87,93,4,113,14,101,84,66,38,46,68,24,66,102,100,120,29,46,51,71,87,57,119,27,4,5,88,104,76,84,49,89,109,71,66,97,58,28,11,80,50,60,22,99,10,56,5,98,96,59,95,88,97,118,72,13,77,80,42,1,63,115,20,12,14,74,117,19,11,37,56,26,38,75,87,24,73,74
30,9,10,64,107,19,62,80,15,6,55,21,34,35,32,90,69,83,93,98,59,51,118,7,73,104,101,56,47,41,47,67,42,60,50,7,73,12,114,50,105,56,7,118,8,82,97,36,91,44,92,39,3,72,47,115,26,67,20,109,78,102,61,33,85,33,42,17,90,83,81,61,55,5,16,34,71,18,97,65,14,54,43,85,79,35,43,40,66,65,68,116,68,108,18,110,30,78,22,79
111,60,71,35,20,102,35,42,2,75,49,8,119,87,103,102,77,23,105,40,48,50,95,20,85,39,23,96,22,21,117,8,70,63,51,117,106,61,97,31,114,2,14,8,30,41,40,86,21,42,115,16,18,100,22,47,73,65,43,9,92,91,7,8,41,52,37,86,116,103,111,45,14,11,29,38,58,37,120,81,49,31,71,70,34,116,44,17,85,107,48,120,95,2,98,36,38,53,32,54
99,71,21,79,42,98,63,75,33,103,4,97,84,100,96,47,113,57,4,58,114,100,38,27,15,117,55,119,115,16,120,68,31,75,19,51,32,81,69,73,48,13,71,91,61,80,25,80,71,66,105,15,109,120,10,100,11,33,92,104,47,72,13,72,48,92,35,50,70,76,26,83,97,78,104,3,46,12,53,75,3,114,58,112,84,11,94,76,1,22,24,111,119,74,44,35,77,1,92,111
57,110,95,114,110,2,88,92,17,69,84,30,65,82,16,75,83,109,41,38,14,24,117,86,41,94,20,90,29,104,25,82,103,29,57,78,12,19,39,59,40,77,28,21,50,94,5,69,59,46,21,53,35,16,118,117,114,61,6,31,7,57,35,44,71,22,98,10,16,58,101,100,26,105,111,88,52,113,46,39,53,77,107,91,9,44,6,105,86,120,112,6,53,83,76,50,37,94,18,9
33,27,73,112,41,64,7,85,103,73,40,72,58,97,67,114,19,61,53,49,12,48,69,55,26,58,46,48,110,119,119,11,38,82,82,90,110,107,79,75,58,39,70,94,32,112,110,4,110,96,8,61,92,6,71,68,14,84,61,62,25,64,55,111,82,105,96,112,73,51,90,66,43,111,94,114,1,87,94,108,11,35,109,48,100,55,51,51,105,119,71,9,15,70,77,115,62,76,62,44
79,59,84,113,65,28,72,112,115,68,115,117,82,1,68,7,20,88,39,2,33,2,49,117,66,8,13,83,94,65,17,103,118,13,20,56,13,24,88,40,115,66,95,26,57,10,43,22,60,87,13,20,108,41,100,33,87,57,8,66,117,90,38,19,103,94,92,31,30,97,83,33,1,75,45,27,48,57,40,40,71,74,110,117,39,6,96,5,97,26,88,27,98,39,65,107,64,50,77,25
26,109,91,67,30,26,96,111,79,98,6,71,48,116,95,2,60,103,72,10,65,98,60,16,31,107,74,13,100,61,5,5,12,72,42,86,18,96,82,43,62,111,47,103,54,58,119,117,115,2,65,95,47,80,14,36,20,116,31,43,22,45,69,22,69,39,21,44,54,23,37,109,71,77,119,94,85,2,93,103,91,110,3,53,117,19,46,86,88,101,67,100,65,64,35,87,94,95,79,47
89,90,12,15,8,84,85,57,51,101,117,91,77,12,77,37,102,89,42,92,41,42,110,77,71,93,18,95,55,24,99,51,43,86,114,91,119,32,60,109,93,78,53,40,97,38,81,21,97,45,18,41,56,22,20,43,24,51,81,29,109,67,77,91,21,60,6,42,67,92,105,55,24,16,26,65,91,75,17,105,79,117,32,7,90,71,62,30,2,81,58,35,110,87,24,48,114,48,14,104
80,43,37,20,44,21,103,45,101,99,52,73,38,65,120,24,103,3,57,67,81,60,80,63,84,30,100,76,39,67,18,35,97,117,111,18,62,65,65,47,52,99,119,93,23,17,72,61,105,101,119,88,88,61,78,8,99,1,35,7,73,111,4,29,84,59,89,3,79,93,71,103,114,43,109,42,36,51,90,119,38,113,70,17,19,18,22,9,28,47,63,18,21,28,16,74,116,42,111,59
72,16,24,81,83,37,24,119,10,119,102,38,91,24,108,80,81,86,95,55,32,7,100,73,34,35,87,106,92,74,98,79,105,118,67,95,66,5,83,3,64,94,17,95,55,79,112,40,113,95,54,87,36,113,51,62,22,70,62,37,6,119,36,17,28,55,67,40,33,47,13,12,23,98,8,104,109,61,10,9,103,37,68,33,95,17,84,117,73,7,40,16,102,79,43,47,80,10,20,40
55,115,40,74,64,96,9,18,86,21,85,49,22,70,114,39,71,107,8,39,101,27,116,72,83,59,78,78,53,46,102,29,99,96,92,107,10,90,19,52,22,110,73,36,112,46,90,19,108,54,39,3,30,15,84,98,49,112,101,19,82,92,2,86,97,54,64,6,50,99,3,17,45,66,51,8,16,59,96,64,70,52,28,39,58,54,45,104,29,68,81,13,36,21,120,44,42,85,65,109
88,92,70,9,94,43,83,104,112,56,98,58,85,91,53,52,8,95,90,106,10,76,63,39,52,90,50,4,32,47,42,75,87,91,118,5,54,74,33,94,36,54,18,15,106,110,114,112,39,61,26,18,27,27,33,87,120,75,30,91,49,7,18,66,20,26,71,20,49,90,22,25,81,73,65,97,54,3,92,26,41,112,33,93,50,36,24,19,24,14,89,17,18,90,39,41,111,69,99,106
75,74,15,32,22,70,27,62,100,102,106,26,111,67,40,35,7,33,81,84,92,22,74,5,103,109,86,120,67,34,33,90,22,54,47,14,45,9,100,37,3,11,45,1,88,78,6,28,49,22,86,74,61,56,53,18,55,38,24,49,74,84,25,56,1,117,30,115,114,72,38,104,16,25,71,30,51,38,6,83,6,80,39,79,16,51,115,110,100,110,51,3,108,112,114,52,17,54,76,58
17,34,7,40,97,30,4,99,40,64,120,5,83,16,12,6,55,108,27,107,60,67,17,13,28,22,12,88,63,77,3,112,112,27,43,116,59,69,41,30,46,96,2,120,113,1,10,87,18,30,74,109,98,21,104,86,103,17,22,116,38,38,45,75,99,87,9,68,68,56,118,93,62,30,74,11,33,41,105,79,75,3,37,16,36,103,67,64,23,83,39,38,48,53,51,117,95,6,84,35
56,58,43,49,71,109,119,107,69,40,75,93,94,26,19,59,50,45,45,22,3,43,44,8,105,46,60,41,34,58,54,94,24,99,113,11,56,14,63,112,73,98,10,89,27,32,88,108,102,111,81,72,54,63,85,96,102,92,86,33,110,100,91,117,47,83,49,105,86,104,35,42,91,60,11,23,28,108,3,85,35,9,51,61,24,72,113,101,62,57,9,29,105,120,60,101,92,91,97,4
34,68,80,46,72,12,30,83,94,52,18,33,113,107,47,113,120,54,107,35,106,93,113,90,89,91,84,62,40,59,62,66,45,40,25,44,118,2,99,111,100,60,74,34,105,91,37,10,4,90,60,106,76,76,116,89,64,10,21,85,105,103,56,65,58,110,60,18,3,86,108,28,48,3,96,87,81,52,118,72,74,107,8,104,86,39,27,2,13,73,65,62,30,24,61,40,23,49,117,117
100,93,101,8,67,112,108,11,45,95,72,44,114,83,6,50,2,85,114,70,90,113,85,104,44,9,52,66,57,9,55,37,62,6,70,17,34,82,95,25,34,5,94,81,92,97,107,60,82,11,53,13,89,105,66,31,80,71,45,96,79,25,109,13,13,90,57,35,60,34,41,18,70,114,27,57,110,85,38,48,24,72,92,31,3,79,9,55,36,24,54,106,20,3,101,57,103,104,15,3
118,64,79,44,36,32,51,10,42,85,58,70,12,22,62,25,6,119,48,77,82,71,76,82,35,2,3,60,99,95,118,12,93,85,35,52,43,55,71,21,69,114,97,25,67,8,120,92,109,38,73,63,4,70,102,17,67,40,12,46,20,23,93,21,120,15,68,110,117,48,92,91,37,19,90,109,90,111,7,5,104,66,119,19,107,34,98,16,81,64,13,54,93,77,19,32,66,86,93,78
46,53,41,14,52,47,6,3,25,89,60,54,62,112,35,49,43,17,28,60,120,107,119,112,57,108,103,7,77,117,51,57,113,106,84,37,111,41,70,16,84,109,69,84,60,118,2,76,7,73,96,7,46,45,11,78,13,78,69,118,107,51,94,48,50,73,52,99,101,106,51,39,98,42,84,45,13,94,107,47,13,18,89,38,97,9,86,81,11,15,46,21,46,113,3,64,26,117,23,43
105,5,48,80,109,56,106,12,67,1,8,89,2,94,17,88,33,14,13,41,118,97,22,84,36,62,79,34,111,15,2,93,27,95,116,64,8,47,45,81,41,93,20,12,98,52,58,83,69,47,33,22,14,34,101,20,100,44,37,73,28,68,70,6,52,119,58,120,34,64,114,34,59,54,120,110,67,98,100,31,87,33,66,92,71,94,23,22,49,86,20,12,35,32,115,81,5,58,21,96
2,10,120,75,38,77,70,70,68,120,13,104,74,64,57,100,24,79,1,72,25,44,112,11,63,63,31,79,2,82,78,26,13,97,109,53,89,34,12,65,87,88,36,22,42,16,116,90,80,76,100,115,23,14,31,52,97,85,59,75,61,22,19,12,11,5,16,48,100,59,67,10,4,76,82,77,87,58,28,96,1,63,101,40,1,118,16,115,83,84,64,51,43,110,91,68,98,98,40,21
86,21,14,117,113,36,53,32,54,55,73,120,11,114,61,120,34,100,117,82,77,69,111,9,17,36,90,98,4,63,107,47,14,35,101,57,35,117,46,97,60,106,21,31,45,102,73,39,19,79,51,60,43,110,30,118,109,54,56,53,16,6,119,88,113,1,45,80,26,15,48,40,12,58,83,37,6,90,45,33,31,104,81,82,69,42,117,27,76,30,36,14,22,11,41,25,89,31,82,83
31,97,29,71,46,25,3,69,46,112,99,34,95,47,27,19,12,28,17,7,8,115,36,94,104,116,115,77,69,18,26,62,89,115,108,39,80,89,13,120,70,35,24,119,118,62,63,71,9,118,22,50,115,51,73,24,25,46,68,88,115,28,3,94,8,72,28,66,53,4,117,76,49,67,62,12,66,33,89,71,19,43,48,41,53,77,89,106,45,102,100,118,96,10,68,118,85,65,69,73
6,29,85,61,95,46,44,115,53,118,67,114,117,95,45,85,108,93,84,62,113,120,51,4,38,12,49,104,95,17,13,45,110,19,94,22,42,115,75,12,57,63,13,117,39,56,65,79,36,23,45,21,73,78,2,3,70,49,91,98,114,44,115,39,26,2,61,28,12,27,84,113,94,18,37,64,18,1,86,53,45,32,18,32,51,68,120,29,22,79,62,44,66,52,113,28,115,47,4,60
64,15,16,19,90,101,115,98,43,81,88,11,88,78,5,93,57,11,26,21,110,39,79,10,7,72,95,65,85,101,22,28,58,23,28,54,120,43,44,83,89,26,101,28,114,108,45,85,90,35,9,49,62,69,110,16,21,79,106,52,1,110,16,104,31,88,55,114,104,38,104,58,60,8,68,83,112,56,21,28,83,44,2,76,59,90,109,84,106,4,21,74,33,12,40,93,96,112,103,11
43,112,51,94,91,27,28,86,92,47,30,103,31,17,97,1,39,81,5,30,53,68,109,116,6,24,2,72,12,36,21,41,101,92,58,96,90,38,58,53,59,107,9,7,68,55,70,56,83,62,109,48,96,109,108,5,86,108,116,101,32,52,1,62,29,46,97,78,58,117,47,47,68,61,69,68,25,46,25,111,77,28,29,69,60,14,64,58,56,61,53,71,73,102,59,94,102,25,96,16
104,39,34,86,14,97,45,40,19,66,15,83,69,20,33,96,90,70,18,37,84,109,47,38,50,85,22,27,88,100,85,113,116,119,74,61,21,63,93,70,104,37,67,82,15,107,49,15,65,55,35,108,117,75,39,77,115,119,49,74,12,27,47,81,76,29,106,43,7,112,78,8,113,100,113,82,19,40,18,35,7,103,77,106,108,53,105,67,42,90,45,26,115,1,71,60,52,77,49,66
74,20,44,31,12,75,46,63,44,110,64,43,112,77,13,18,32,110,91,80,57,59,29,66,109,55,45,55,78,11,56,55,8,110,9,94,102,27,15,95,37,97,116,49,81,92,115,55,104,89,25,117,111,26,28,27,15,42,84,95,64,63,114,97,88,100,22,94,46,116,19,96,63,119,55,102,24,34,84,62,20,55,1,2,72,22,59,71,113,91,103,88,112,72,6,5,10,37,56,77
53,57,67,30,70,34,79,59,104,111,48,3,13,3,87,43,52,73,49,26,39,28,104,33,55,102,44,75,8,110,90,101,53,114,76,12,9,58,91,57,76,50,61,18,102,66,67,53,99,19,77,110,26,31,107,90,7,20,15,24,71,75,15,37,96,101,29,53,81,20,87,35,96,112,14,76,3,83,113,13,100,76,55,6,105,57,21,15,71,85,90,114,14,51,118,49,84,44,86,10
84,2,6,106,84,59,22,67,34,32,87,96,33,31,59,116,63,102,82,8,96,21,24,54,16,78,11,73,97,14,113,59,17,26,80,48,72,7,120,6,12,28,91,27,58,81,64,37,62,24,4,94,32,60,35,1,10,11,44,27,91,49,72,28,67,71,15,23,45,31,89,6,7,6,5,86,108,89,111,68,46,29,23,63,87,40,75,25,77,103,107,92,50,98,88,4,71,113,12,62
10,7,102,59,79,44,65,100,24,51,74,2,5,88,11,109,97,114,96,68,116,77,34,106,102,4,118,54,49,37,58,18,106,59,71,120,112,6,115,119,63,105,8,104,6,67,44,11,112,33,6,116,74,29,95,29,106,109,47,71,97,19,8,93,44,6,63,77,48,39,54,75,54,70,79,96,43,17,106,20,89,86,44,65,98,113,40,56,64,88,1,20,39,15,31,46,108,105,90,37
106,120,97,34,115,5,23,118,90,50,108,20,18,52,8,55,68,55,38,24,44,90,11,92,92,51,47,2,101,3,93,73,72,48,29,35,29,77,108,107,74,76,39,48,16,120,14,33,61,113,120,17,24,107,76,34,63,53,11,112,14,116,64,99,54,120,90,8,84,53,98,11,13,102,52,20,42,42,116,46,105,119,80,75,64,78,63,37,47,118,80,7,91,56,5,15,105,43,2,110
42,14,82,13,104,80,80,65,78,43,50,92,25,8,106,31,75,34,103,111,62,116,55,75,75,18,91,42,73,48,60,110,66,73,105,69,82,98,62,4,29,80,30,53,62,36,71,42,63,85,78,46,13,10,75,13,96,95,107,17,34,41,24,23,79,68,103,97,41,49,110,118,22,89,64,16,96,78,108,88,55,25,16,96,113,60,91,7,59,71,33,112,111,93,1,53,21,79,116,95
66,89,54,111,114,33,81,54,35,19,2,39,73,23,92,32,118,13,32,31,107,37,101,111,25,52,119,14,81,87,109,34,104,2,86,9,63,56,43,106,94,86,46,42,2,63,47,74,45,18,68,104,77,40,77,59,1,18,33,64,72,69,108,109,105,35,99,38,77,94,32,26,46,45,13,2,35,14,76,30,85,67,60,5,119,33,25,48,94,21,85,36,27,91,58,43,100,83,45,30
91,32,18,89,59,61,29,24,41,113,70,95,109,6,10,33,31,67,115,75,52,53,67,2,19,95,94,86,60,70,88,58,114,55,52,23,24,42,89,62,56,119,63,65,1,64,13,18,16,82,84,111,120,32,7,114,72,102,14,48,26,82,39,85,106,106,48,33,76,17,73,98,61,29,118,101,21,48,103,34,34,106,53,54,57,85,79,99,69,69,116,85,29,25,109,88,53,16,8,45
82,83,109,100,118,49,93,28,72,76,94,57,36,58,34,112,25,116,106,112,15,38,93,53,46,101,9,47,37,112,23,32,88,120,55,49,99,26,103,103,97,116,58,46,36,83,76,107,15,107,46,75,85,101,103,95,47,89,52,34,21,13,59,105,59,57,82,100,37,118,59,38,83,71,36,53,88,63,98,49,115,82,69,110,65,45,111,53,116,98,57,61,6,57,42,92,68,57,110,24
47,106,53,33,75,31,11,21,9,87,43,37,15,117,81,14,73,60,21,46,76,29,96,21,82,41,59,93,118,22,96,98,81,71,103,41,23,57,96,10,106,53,60,59,59,25,32,82,87,10,112,42,97,88,93,83,84,32,97,90,70,95,31,120,34,64,18,4,110,42,106,1,69,115,12,36,14,5,2,97,88,81,27,49,5,13,112,80,103,115,28,1,67,62,23,95,49,89,107,8
71,67,9,72,32,76,112,1,60,83,54,55,97,34,3,28,64,47,110,90,20,96,86,41,10,48,70,113,15,23,15,14,120,79,37,110,16,94,67,1,96,113,49,23,117,7,18,46,44,39,16,79,95,39,50,65,83,22,63,15,41,105,54,11,92,77,94,19,24,28,69,86,6,36,23,73,103,19,47,52,93,96,45,100,91,117,106,78,31,97,52,50,106,13,103,30,110,93,113,26
114,18,55,48,87,60,12,47,58,15,44,17,41,15,69,118,56,37,20,83,61,57,20,100,3,103,105,19,42,62,37,86,48,20,46,45,55,11,3,44,61,17,32,78,99,51,103,31,10,56,29,12,58,11,17,35,39,88,36,54,35,104,33,35,9,58,41,70,95,21,120,69,53,84,72,7,102,21,88,60,109,20,91,22,49,119,28,65,19,37,50,34,17,103,26,73,29,111,83,100
49,26,66,47,47,24,33,23,36,96,28,51,108,40,94,15,106,8,29,23,17,46,92,56,54,87,21,1,91,111,114,54,61,65,106,19,1,40,77,28,27,95,52,62,33,117,56,32,100,78,101,67,70,54,49,2,108,118,78,8,62,42,110,47,101,20,119,71,13,67,18,15,85,101,18,99,120,60,14,19,28,101,76,90,14,10,81,41,79,2,77,49,97,41,72,21,67,62,27,93
50,31,96,84,85,62,74,78,56,62,100,41,30,50,88,38,98,115,86,108,69,79,19,17,79,74,29,10,46,91,30,16,2,61,33,111,11,36,102,117,55,108,75,77,82,71,83,113,30,48,38,45,2,33,43,85,8,21,99,58,77,108,101,5,25,19,23,22,63,54,61,19,32,47,80,108,119,80,39,113,62,49,54,62,83,81,104,32,37,11,15,68,51,9,110,97,112,119,72,51
68,35,105,115,105,8,39,93,74,88,96,102,70,19,50,21,101,101,71,94,66,88,73,67,33,111,68,9,3,118,82,2,107,66,17,13,64,15,6,78,30,29,88,3,41,14,29,1,81,63,97,65,20,13,96,111,85,94,23,89,112,47,67,54,46,4,5,5,31,80,42,119,18,28,66,113,62,119,117,55,8,13,40,88,43,56,10,85,109,60,23,103,76,118,93,61,60,27,80,49
22,1,99,22,108,23,10,94,11,14,77,12,89,4,84,34,40,12,83,110,102,62,39,113,116,96,33,102,44,6,86,100,86,42,53,88,69,66,25,63,77,90,66,87,66,22,51,59,40,31,99,85,100,77,61,30,119,66,79,105,19,56,37,90,45,96,95,79,1,109,119,14,74,56,19,66,15,91,75,42,92,47,97,71,32,26,97,13,58,1,102,84,9,82,15,34,24,13,35,86
25,75,31,37,106,17,59,102,1,9,35,53,43,14,21,68,3,6,40,3,56,99,18,37,99,71,97,26,105,89,76,77,55,8,104,81,108,8,16,104,32,68,79,105,91,69,86,26,26,86,91,30,91,57,62,67,42,105,51,114,100,9,118,108,94,97,72,83,64,63,33,44,107,20,44,18,29,116,19,74,33,6,52,72,33,88,101,4,70,35,55,70,85,119,116,13,25,99,44,55
11,8,100,18,66,92,99,84,106,30,114,47,47,28,107,70,59,15,69,103,103,111,62,59,9,44,51,11,103,43,8,22,15,113,72,83,117,3,47,15,19,55,50,52,79,114,3,24,96,81,118,86,105,19,79,45,113,104,10,36,85,79,10,73,7,12,77,87,111,11,107,62,88,93,101,93,57,103,20,94,39,88,90,18,75,50,72,92,98,20,5,104,77,38,20,106,22,4,95,108
90,87,87,58,27,71,113,61,71,70,7,15,19,11,86,26,67,65,112,53,26,72,64,19,80,34,107,53,20,71,43,49,69,21,99,75,79,101,5,100,1,19,19,4,101,39,75,12,119,15,36,51,103,86,18,11,33,93,26,47,102,96,23,70,83,85,25,108,118,102,79,20,20,14,35,71,8,96,85,73,43,22,83,13,56,115,99,11,35,36,104,33,118,84,89,76,50,64,53,1
109,22,75,77,16,52,14,71,20,2,62,65,35,104,65,66,17,18,74,17,19,9,90,119,24,88,98,110,114,60,35,9,19,68,120,1,48,31,20,82,10,92,118,38,85,77,69,78,64,4,63,97,104,81,48,10,110,31,2,21,65,101,5,112,109,115,39,74,17,10,63,120,79,17,95,51,12,11,104,8,65,71,36,73,7,16,11,31,90,42,38,82,32,96,66,65,106,108,105,101
29,99,68,6,35,118,68,41,55,38,1,36,51,80,64,115,96,30,24,18,38,89,88,99,29,28,5,6,62,25,94,15,91,88,2,24,114,30,59,35,45,112,57,97,76,100,99,111,89,41,31,93,50,104,1,64,43,2,87,86,118,59,6,40,39,3,108,59,112,108,95,71,5,104,1,50,117,25,63,45,90,14,102,77,70,84,92,70,10,113,43,117,101,101,46,71,9,101,3,19
4,108,47,98,49,95,52,34,75,84,33,105,9,93,37,111,5,84,97,101,22,87,42,74,5,79,26,70,14,39,74,108,18,111,44,106,5,20,72,54,92,48,40,73,44,3,87,119,67,65,116,35,116,7,3,12,44,106,75,79,39,5,96,74,112,47,107,27,108,61,12,60,19,26,117,43,50,7,66,106,26,108,13,60,92,58,19,102,17,75,72,96,1,100,55,22,55,40,91,5
117,104,3,88,89,11,98,68,77,93,19,118,72,108,30,63,72,25,77,13,24,11,50,26,118,56,106,69,71,44,95,43,5,56,23,109,41,59,66,33,26,62,35,51,34,23,19,41,29,102,3,66,84,59,56,109,104,68,113,61,69,115,66,57,32,21,75,49,56,45,20,115,11,46,48,40,101,47,61,16,111,70,73,55,10,99,85,34,60,44,84,80,40,73,48,79,91,59,119,92
40,44,8,25,112,48,20,13,5,12,68,101,98,36,9,11,16,26,68,36,58,118,71,83,13,83,4,80,116,38,91,19,59,3,98,42,104,118,49,13,120,1,59,55,46,98,35,67,94,119,71,101,65,66,25,41,17,80,98,106,81,11,68,96,107,7,86,58,59,119,21,49,67,40,100,67,7,77,9,3,117,41,20,35,93,82,57,44,115,52,101,105,62,18,53,54,28,84,101,32
102,24,11,27,77,57,107,72,89,44,5,80,23,72,51,12,46,118,89,120,11,19,77,79,39,105,82,37,64,113,112,105,57,5,45,79,96,102,94,19,42,38,82,101,116,73,93,30,116,58,34,70,113,103,4,75,34,63,50,115,99,106,106,20,68,113,73,90,10,120,46,57,87,15,49,35,60,44,31,54,98,109,86,52,8,111,52,91,89,108,10,48,7,109,9,112,119,71,55,75
51,3,115,82,58,1,109,37,109,114,36,119,3,99,48,92,88,97,98,52,4,85,5,29,27,86,54,18,80,64,6,89,35,112,18,40,74,29,118,67,5,101,1,67,80,31,117,43,28,29,7,113,119,49,83,15,6,74,13,113,59,53,65,100,53,34,13,15,115,7,77,32,73,95,60,63,30,73,1,91,27,73,118,57,40,2,26,97,67,74,94,47,58,22,21,96,117,39,114,34
85,107,112,83,117,9,118,89,118,27,118,109,93,33,31,8,92,38,80,74,46,16,1,6,77,19,38,40,48,88,73,85,33,74,112,115,95,23,34,108,47,84,33,47,104,90,53,6,103,3,27,92,42,79,6,69,9,8,73,97,31,36,103,71,55,27,104,93,87,37,1,94,116,48,32,44,104,93,115,90,84,45,31,43,102,5,90,28,51,66,115,56,83,58,56,84,51,55,16,112
70,72,90,53,102,42,32,48,47,42,41,61,37,13,79,67,26,76,116,69,98,110,56,105,112,54,62,61,66,57,9,65,6,101,21,29,65,10,11,9,11,79,112,106,24,68,50,116,24,16,89,36,112,4,111,103,95,64,27,60,108,4,82,1,19,91,88,13,21,24,36,106,40,82,4,80,68,29,69,110,101,56,11,118,111,4,73,42,96,114,93,72,12,65,99,83,59,88,78,119
73,13,106,110,100,82,116,117,111,117,11,115,7,92,70,119,91,4,104,14,51,25,68,102,111,97,102,116,6,49,32,84,119,36,88,16,60,67,1,45,119,16,105,24,12,88,91,8,37,36,72,118,67,24,86,81,23,58,67,94,30,1,17,58,111,102,1,62,99,69,99,67,9,51,50,21,78,118,5,86,29,100,64,89,23,1,80,96,111,45,70,10,24,92,25,12,19,103,71,99
69,62,22,26,99,53,117,15,16,58,107,100,100,73,100,78,41,96,19,19,94,47,23,47,120,76,58,59,50,94,65,111,100,17,79,74,97,22,18,93,98,87,103,114,78,26,102,7,34,69,79,43,17,1,57,57,101,9,17,67,8,107,58,25,81,10,109,96,75,78,45,114,29,10,42,48,106,54,8,58,9,8,96,108,29,95,116,49,20,63,26,75,38,44,74,16,83,52,17,50
1,52,62,62,54,40,89,22,8,77,81,10,42,120,72,62,110,42,12,114,78,84,99,40,32,89,19,15,89,105,63,109,25,34,15,55,40,17,37,11,7,117,48,80,107,29,109,52,117,60,93,26,15,9,67,56,28,52,114,81,83,99,95,7,86,44,84,89,74,52,10,112,110,99,7,5,22,26,42,41,51,68,105,59,38,97,5,89,26,28,31,95,55,99,2,80,40,82,10,87
108,12,86,93,45,83,58,114,116,92,66,32,4,63,93,74,78,48,11,29,42,82,52,43,108,73,1,111,82,78,28,6,90,70,6,32,71,104,50,86,67,65,110,41,43,34,23,45,54,57,15,114,79,30,119,79,27,48,53,45,84,112,120,2,90,70,83,92,66,33,17,46,90,90,28,6,31,117,62,2,2,40,59,46,80,83,33,79,74,6,8,2,80,107,49,51,70,14,112,23
48,117,52,39,7,117,16,82,3,5,31,4,75,55,42,117,86,87,25,25,43,10,81,36,107,68,24,45,19,28,14,96,95,90,1,72,76,68,40,88,75,32,55,69,4,48,20,104,27,25,117,54,5,115,70,23,75,117,117,84,75,43,92,78,3,69,14,73,71,65,23,2,44,38,61,74,11,50,15,117,21,84,100,74,54,61,83,83,7,3,120,52,41,55,102,8,65,17,66,114
96,63,13,101,88,73,97,101,64,29,26,67,99,113,115,36,10,43,58,96,31,23,30,81,21,57,36,100,102,115,48,1,30,7,36,84,78,16,112,55,91,103,38,45,31,106,11,72,50,97,41,14,16,55,46,73,38,83,102,107,51,46,11,110,43,23,117,12,80,70,29,37,30,68,40,49,114,8,60,18,110,15,111,81,17,47,12,57,3,53,14,57,72,16,92,105,31,26,6,70
20,51,49,11,10,119,38,88,120,60,61,76,56,89,66,40,53,44,2,32,5,106,48,14,30,37,25,85,98,10,44,91,67,94,97,62,30,99,24,7,31,9,106,75,17,86,26,109,98,99,70,107,39,28,106,7,98,113,18,23,94,88,57,41,37,37,26,7,42,8,93,22,118,72,30,105,44,55,57,12,60,39,74,25,11,21,78,112,39,78,99,11,47,19,32,103,97,75,60,57
110,94,64,91,26,38,92,87,29,59,78,16,46,118,1,51,65,106,9,115,34,33,66,31,101,33,77,8,90,83,108,97,21,16,13,101,52,72,38,99,113,7,54,92,13,35,36,49,23,27,30,119,82,84,54,93,56,76,48,93,119,83,40,50,60,13,110,84,27,36,30,77,57,110,106,72,77,114,4,21,40,85,56,28,81,75,66,120,65,54,96,19,90,94,69,14,120,15,9,105
78,42,39,107,103,15,42,44,102,49,63,90,54,43,2,23,47,20,31,91,111,83,10,87,74,47,65,31,17,55,104,23,94,31,4,103,86,64,7,14,107,34,56,14,108,116,33,89,77,67,61,1,28,71,80,112,79,30,76,70,5,35,79,42,100,86,78,54,97,105,4,72,50,65,99,46,63,88,12,120,64,120,19,94,12,74,41,18,21,25,18,24,120,95,8,86,76,66,26,20
81,28,65,16,4,85,77,110,39,48,25,13,68,76,83,54,14,111,16,102,40,75,82,58,45,99,88,3,38,53,106,69,49,45,91,82,57,71,22,2,13,83,114,10,86,18,105,97,118,53,48,99,107,52,87,88,118,96,93,82,13,74,100,102,6,107,20,45,38,101,76,50,25,63,107,98,10,81,99,66,86,87,7,68,37,32,114,61,6,87,114,90,87,4,34,7,2,68,5,53
112,19,118,51,56,4,87,30,114,22,90,23,32,61,44,57,95,64,119,11,55,31,35,85,42,25,43,84,70,12,29,63,74,39,64,59,26,113,14,24,18,25,16,54,115,30,59,103,76,5,85,64,118,106,99,48,3,91,118,20,120,30,32,115,57,31,69,51,52,113,34,52,105,96,46,31,98,39,70,114,57,116,6,9,78,8,93,68,114,55,105,115,78,80,79,23,47,92,1,36
116,65,110,24,19,87,21,16,87,28,10,94,71,75,112,72,116,24,43,118,16,108,41,108,40,69,61,99,11,120,16,74,34,84,30,68,87,86,78,66,20,85,43,16,21,54,79,16,111,74,57,77,7,62,37,72,48,90,3,18,4,78,48,64,49,28,8,95,51,89,24,36,31,23,56,58,45,106,13,89,119,10,9,105,118,101,42,3,72,5,30,23,5,43,10,1,75,8,75,12
35,40,5,23,9,93,76,60,61,53,27,66,96,74,36,98,66,66,100,47,75,36,54,69,106,60,114,97,9,73,100,50,60,10,59,46,25,106,105,64,15,61,107,76,5,6,96,68,46,80,67,47,25,42,45,54,91,39,74,117,15,60,90,18,80,56,81,117,14,114,86,24,84,31,39,24,56,70,71,61,120,58,35,15,21,89,56,35,120,112,92,81,16,59,70,85,56,90,11,52
41,77,107,118,3,88,67,35,73,8,82,79,87,53,101,45,15,63,33,42,36,54,59,120,90,13,56,82,45,32,12,61,78,57,100,98,51,54,92,42,33,6,26,116,64,104,55,63,12,108,69,57,68,119,42,119,18,25,28,51,2,93,116,51,114,43,54,111,44,46,43,78,86,13,54,95,55,28,64,100,48,5,79,27,35,29,76,109,119,94,60,22,70,47,96,66,35,30,61,48
120,6,74,69,119,65,1,96,50,91,69,24,78,32,109,89,45,92,52,89,30,40,108,76,23,66,42,30,26,80,41,13,63,12,117,65,88,97,86,72,24,57,5,112,84,89,95,3,68,71,12,19,21,12,26,120,40,47,71,69,10,113,111,43,98,108,33,65,82,74,11,21,3,50,31,103,2,65,114,10,25,95,30,103,26,112,39,93,12,34,3,102,75,106,75,102,99,109,63,38
59,37,57,4,76,22,8,38,4,26,105,9,110,56,29,53,21,1,101,28,89,94,120,110,48,112,64,49,18,2,40,71,37,98,62,97,53,91,104,114,39,74,100,113,7,105,48,95,57,116,80,105,59,53,5,26,116,115,120,32,48,21,29,27,63,30,100,47,83,71,62,64,47,116,105,22,32,95,16,67,112,27,87,10,28,106,61,60,5,40,95,67,52,67,94,59,11,3,28,17
27,88,26,103,33,41,49,9,93,23,20,35,40,110,119,3,62,69,54,61,99,91,32,35,69,50,69,21,5,35,105,33,10,18,61,100,77,93,23,23,111,51,31,96,96,13,30,91,120,50,10,4,99,44,94,80,57,3,25,5,58,62,21,24,74,76,70,11,19,84,109,99,80,4,108,117,70,15,33,87,23,46,85,42,115,105,68,12,16,82,59,30,34,29,4,63,93,97,88,39
52,55,81,50,86,51,69,97,83,46,9,68,80,69,118,9,30,27,35,50,67,73,6,62,2,77,71,38,112,84,111,39,79,78,32,3,98,4,57,38,116,100,72,85,52,119,1,58,13,9,64,38,78,36,44,106,2,62,32,65,111,14,78,55,24,74,19,9,4,35,6,48,58,117,78,4,89,10,59,59,52,2,17,83,73,86,49,69,102,104,34,73,103,48,85,38,54,96,115,7
54,4,58,45,37,78,48,103,76,67,101,75,39,9,71,69,89,59,102,86,115,92,78,28,68,20,111,22,56,99,19,78,26,77,65,47,22,13,84,49,65,49,98,79,37,72,60,70,84,100,113,103,29,2,32,49,53,86,111,80,46,18,44,31,51,79,62,104,62,68,31,31,75,92,53,84,59,86,101,112,37,69,38,78,48,37,118,46,92,50,117,108,44,40,78,3,20,23,120,64
18,36,30,63,63,58,15,64,18,41,14,87,52,106,91,108,23,2,23,20,74,14,4,49,8,32,57,81,27,54,69,102,52,93,60,92,105,21,109,58,78,59,90,37,110,37,15,50,72,110,28,69,38,98,38,53,51,26,65,56,37,20,83,9,78,89,65,26,39,95,94,41,35,87,3,14,75,43,24,70,76,19,65,98,76,63,15,1,46,49,44,99,88,20,33,100,90,2,64,116
98,102,4,116,55,108,50,17,95,10,51,22,66,66,99,22,82,112,76,81,27,74,26,22,49,40,75,68,41,102,80,76,4,83,31,66,33,103,73,61,83,115,64,102,35,12,27,94,25,91,42,10,75,82,19,44,36,111,39,108,44,34,14,98,62,82,34,63,36,43,7,3,21,57,116,91,4,4,37,38,59,59,26,26,4,96,88,21,110,8,32,45,100,88,62,82,33,107,42,98
8,95,89,10,5,105,19,36,117,78,47,25,16,27,24,77,13,5,56,104,73,119,21,89,60,65,113,74,59,45,77,25,32,32,81,30,50,75,106,116,38,45,42,109,94,87,111,96,114,13,19,76,52,85,88,99,105,72,95,1,52,86,73,14,118,25,43,2,25,50,66,68,104,97,110,120,17,16,56,44,4,12,42,37,42,73,70,24,50,117,61,39,113,86,30,111,113,100,19,68
